0.10328497
0.044183765
0.020445544
0.008242152
0.0026374268
0.00034464916
0.00011245781
0.0022510213
-0.0034034096
-0.002493061
-0.0036543473
-0.004746393
-0.0054156883
-0.0062205945
-0.0056733107
-0.0050662323
-0.0041318857
-0.0046053897
-0.003910113
-0.0035306462
-0.004062172
-0.004032698
-0.003908663
-0.0033155028
-0.0034959966
-0.0034786186
-0.0033316244
-0.0026052382
-0.0029207086
-0.0023673696
-0.002468252
-0.0025204413
-0.002060427
-0.0026592202
-0.0019286153
-0.0022374634
-0.0023176288
-0.0021776715
-0.0016300404
-0.0018700607
