0.1251602
0.08539927
0.079358704
0.075248525
0.0731861
0.06950154
0.068320945
0.06676399
0.066521525
0.06447732
0.064734295
0.06345916
0.063616335
0.062044
0.062346328
0.06233462
0.062240943
0.06183506
0.062086586
0.061296523
0.061691437
0.061792817
0.060725562
0.061144233
0.0610798
0.060594473
0.0606845
0.06074384
0.060394727
0.06088552
0.060198534
0.06005203
0.060295615
0.060312655
0.06040763
0.059684765
0.060211822
0.060199793
0.060115
0.059864473
0.059636347
0.05964509
0.05958191
0.059422676
0.059438463
0.05932791
0.059145886
0.059342593
0.0590604
0.0590192
0.058620103
0.059155513
0.058757227
0.05881114
0.058553293
0.058406867
0.058603548
0.058570117
0.058600437
0.058660865
0.057946008
0.05802853
0.057987638
0.058632944
0.05815163
0.05799564
0.05797523
0.057567123
0.05783733
0.058070254
0.057580646
0.057557117
0.057488013
0.05690153
0.057144172
0.057694305
0.056753423
0.05716444
0.057032403
0.056394212
0.056586843
0.056934644
0.05584353
0.05608013
0.056809258
0.05529478
0.05582922
0.05633007
0.05530534
0.05521679
0.055354714
0.054707818
0.054391205
0.05529072
0.053913273
0.053965043
0.05468724
0.053241376
