0.12442233
0.083939254
0.076710075
0.07042051
0.06806115
0.067154355
0.065131985
0.06584226
0.06335208
0.0629671
0.06242646
0.061813477
0.061681684
0.06214755
0.06225317
0.06155925
0.0620187
0.061472535
0.060598556
0.061135385
0.061133556
0.060422197
0.06080698
0.06095611
0.06103457
0.060785048
0.060520332
0.060298495
0.060893506
0.060057335
0.06025226
0.059878156
0.060022045
0.05943305
0.060185526
0.060149413
0.05990868
0.05970252
0.060449902
0.059965126
0.05988394
0.059160024
0.059177026
0.06020186
0.059584837
0.059971992
0.059027325
0.059119444
0.05977446
0.05930889
0.05893094
0.05965241
0.05984991
0.059721507
0.059584796
0.05981734
0.059032436
0.05918847
0.0588872
0.058981773
0.05903803
0.059588823
0.058932412
0.05898737
0.05878409
0.059291393
0.058666006
0.059227496
0.059178498
0.05972971
0.05862229
0.058592778
0.058496382
0.05876898
0.05872746
0.058390502
0.059229255
0.05891639
0.05866282
0.05901633
0.059185382
0.05884762
0.058974713
0.05835275
0.058014654
0.058418613
0.058776684
0.058541406
0.05885667
0.05878658
0.058732416
0.057536896
0.058659624
0.05841074
0.05819394
0.058708597
0.058138292
0.058533836
0.059110783
0.058171283
0.058350407
0.057853255
0.057922754
0.05808017
0.058863614
0.058243
0.05831427
0.0587898
0.05743081
0.05795525
0.05775027
0.05813633
0.05779317
0.058146045
0.058134142
0.058689814
0.058293954
0.05791301
0.05707103
0.05828026
0.057000484
0.058053344
0.058729354
0.057542816
0.0575488
0.05866634
0.05779192
0.057510078
0.057247173
0.0575279
