0.31095368
0.2654058
0.25281253
0.24940996
0.24694839
0.24294825
0.24140623
0.241422
0.24102978
0.24035425
0.2383834
0.23813677
0.23782888
0.23718797
0.23815574
0.23620678
0.23651846
0.23634525
0.23487915
0.23552617
0.23245676
0.23546165
0.23383334
0.23422334
0.23432893
0.2319695
0.23311526
0.23274682
0.2315379
0.23195466
0.23020703
0.22975098
0.23114312
0.23045237
0.23026462
0.22679803
0.22764389
0.22810623
0.22829731
0.22824518
0.22403134
0.22348654
0.22407654
0.22606252
0.22447947
0.2183353
0.21930096
0.21937454
0.22007754
0.22039983
0.21205242
0.21273059
0.21282092
0.21291724
0.21431684
0.20166965
0.20286795
0.20316307
0.2056824
0.20697099
0.18958427
0.19171281
0.19373131
0.19498445
0.19512329
