0.5378707
0.49299428
0.48123136
0.47724664
0.47730175
0.47349545
0.47368658
0.4726239
0.47176695
0.47214067
0.4719376
0.4701467
0.4702372
0.4695735
0.4692399
0.46763554
0.4686254
0.4687803
0.4690833
0.46894956
0.46865454
0.46813276
0.46874923
0.46697304
0.46865225
0.46433833
0.46827382
0.4665848
0.46711606
0.4674412
0.4678269
0.46356308
0.4655286
0.4665161
0.46486586
0.46402338
0.46403316
0.46636215
0.46232495
0.46536592
0.4615312
0.46183866
0.46306852
0.462691
0.4629008
0.45963642
0.46119547
0.45966908
0.46030098
0.45990685
