0.4618274
0.42797318
0.4205107
0.41462606
0.4091947
0.403354
0.40287504
0.39960405
0.4003442
0.3966028
0.39728945
0.39868507
0.39792758
0.39729652
0.3962467
0.39673162
0.39710674
0.3973404
0.39718235
0.39546373
0.39597896
0.39624637
0.3947553
0.39457476
0.39511168
0.39563677
0.39629528
0.39470604
0.39387482
0.39207056
0.39356038
0.39472657
0.3954136
0.3944953
0.39427304
0.39361897
0.39434972
0.395409
0.39367262
0.3931344
0.39232734
0.39343047
0.39457136
0.3925361
0.39433086
0.39444795
0.39401066
0.3948698
0.39459896
0.39139682
0.3927059
0.39464965
0.39182296
0.39607403
0.39134428
0.39425582
0.39552242
0.39417514
0.39151806
0.3950299
0.3923312
0.3914934
0.3921559
0.39300963
0.39330435
0.3938994
0.39407408
0.39144087
0.39266434
0.3913772
0.39473382
0.39177802
0.39284584
0.39301175
0.3924166
0.39309025
0.39093474
0.39293474
0.39369178
0.39074406
0.39350092
0.39340144
0.39416674
0.39056697
0.39149073
0.39113587
