0.1109149
0.080486946
0.07408958
0.07090536
0.06973539
0.068355516
0.06707866
0.066874534
0.067073174
0.06474673
0.065363355
0.06573357
0.06430298
0.064876825
0.06538933
0.065195
0.06450667
0.06430585
0.06455939
0.06489724
0.06412521
0.063916884
0.06315322
0.06393683
0.06310489
0.06411004
0.063878596
0.06311127
0.06386475
0.063530624
0.06328597
0.06363945
0.0631583
0.063370995
0.06270065
0.06332723
0.06275774
0.06339984
0.06312671
0.06287315
0.062277056
0.06339305
0.06354653
0.06216498
0.062844805
0.063071474
0.06288533
0.062565945
0.061740566
0.062384833
0.06296006
0.06298037
0.06250314
0.062320538
0.06269332
0.06259991
0.061729003
0.063147806
0.062733226
0.061924063
0.062525876
0.061875507
0.06249909
0.062159006
0.062304076
0.06234091
0.0623731
0.062222626
0.061837632
0.06265817
0.06145866
0.062327504
0.062010273
0.061855946
0.061817028
0.06175793
0.06192433
0.06200259
0.062424455
0.06266607
0.061787546
0.061563898
0.061529662
0.061975323
0.061849795
0.06179596
0.06180831
0.06181404
0.06241542
0.061745513
0.061883084
0.061427835
0.06168117
0.06103332
0.062130507
0.06107289
0.061956562
0.062094342
0.061467323
0.061252076
0.061264474
0.06121198
0.061289843
0.061536193
0.061917696
0.061777826
0.061464462
0.061675068
0.061078455
0.06099474
0.061024234
0.061383937
0.06162176
0.061039552
0.06142923
0.062090512
0.06107339
0.06132937
0.06075036
0.061459105
0.06084702
0.06093144
0.060487516
0.061269023
0.061488476
0.06072754
0.06079892
0.06091137
0.060375854
0.061030917
0.061043512
0.061208945
0.060722128
0.06055236
0.06095507
0.06018626
0.060273644
0.06053886
0.060441624
0.06056099
0.060693413
0.06085318
0.060948506
0.060510196
0.059619103
0.05990252
0.0606056
0.059927803
0.06011628
0.06010195
0.060336553
0.06004037
0.060991436
0.058957998
0.060339972
0.05978383
0.059897006
0.059878208
0.060028072
0.060242668
0.059972182
0.06000446
0.059205722
0.05943237
0.059497
0.05925562
0.059657812
0.05945358
0.059440415
0.05977165
0.06009284
0.059050996
0.059075374
0.05862202
0.05874584
0.05895711
0.0584548
0.059679165
0.059014928
0.059459448
0.057507515
0.05803097
0.059170943
0.058909737
0.05805226
0.058702275
0.058745347
0.058805976
0.058788545
