0.00011046820000000001
0.00016040416600000002
0.0002313156
0.00026899796
0.00029644044
0.00032559428
0.00033620400000000005
0.00035448248
0.0003663097
0.00038015702000000003
0.00039830200000000006
0.0004111762
0.00043325392
0.0004534279
0.0004734032
0.000498489
0.00053962292
0.00058813072
0.0006162034000000001
0.0006454441200000001
0.00066189464
0.0006989784
0.0007223852
0.0007402827
0.0007577701000000001
0.0007688916
0.00078429292
0.00080849286
0.0008267876
0.0008412283
0.0008532705999999999
0.00087325192
0.0008827537200000002
0.0009006582000000001
0.0009148604
0.00091206328
0.0009438467200000001
0.0009435373400000001
0.0009568554000000001
0.0009713574000000001
0.00097969
0.00097379172
0.0009915402
0.00098841134
0.00098874346
0.00098461388
0.0009854808
0.0009969275999999999
0.00098951412
0.0009925602
0.0009931848
0.0010032398600000002
0.0010150655999999999
0.00101852846
0.00102112014
0.0010241895000000002
0.00102901486
0.00103621968
0.0010438914
0.0010348104800000002
0.0010466586
0.0010502291
0.0010425724
0.0010454054
0.0010571763
0.0010677361
0.0010686575
0.0010637287
0.0010534278
0.001072359
0.0010638661
0.0010565948
0.001071152
0.0010745631
0.0010728409
0.0010765371
0.0010717603
0.001068449
0.0010747996
0.0010781656
0.001079822
0.0010747042
0.0010703626
0.0010761867
0.0010724204
0.0010704593
0.001070671
0.0010882935
0.0010959595
0.0010920916
0.0010890419
0.0010949338
0.0010823165
0.0010793807
0.0010875238
0.0011004237
0.0010944462
0.0010917641
0.0010977461
0.0011003913
0.0010821398
0.0010895447
0.0010970524
0.001091729
0.0010917279
0.0010884982
0.0011037667
0.001087659
0.0011039417
0.0010946721
0.0011079066
0.0011048791
0.001098558
0.0011063401
0.0011040173
0.0011123237
0.0011043738
0.0011044148
0.0011033849
0.001104506
0.0010991619
0.0011013496
0.001102956
0.0011014858
0.0011074858
0.0011081127
0.0011147266
0.0011154693
0.0011169801
0.001111299
0.0010960746
0.0011100093
0.00111405
0.0011193225
0.0011115404
0.0011155022
0.0011149795
0.001109181
0.0011130742
0.0011088833
0.0011080805
0.0011072672
0.0011108348
0.0011070685
0.0011224353
0.0011059125
0.0011192575
0.0011213871
0.0011112776
0.0011206612
0.0011171461
0.0011235379
0.0011237672
0.0011129664
0.0011092898
0.0011123122
0.0011213201
0.0011211556
0.0011186838
0.0011175111
0.0011134915
0.0011193625
0.0011112776
0.0011253448
0.001121947
0.0011106656
0.0011291414
0.0011278996
0.0011185104
0.0011198135
0.0011256201
0.0011219699
0.0011164756
0.0011345749
0.0011317154
0.0011283638
0.0011241784
0.0011325094
0.0011226592
0.0011255501
0.0011314437
0.0011252643
0.0011258925
0.0011318345
0.0011214603
0.0011392133
0.0011381967
0.0011298727
0.0011275392
0.001134391
0.0011379209
0.0011314497
0.0011267058
0.0011243831
0.0011222337
0.0011264511
0.0011247706
0.0011339408
0.0011230407
0.0011423732
0.0011270104
0.0011266953
0.0011332508
0.0011453289
0.0011298049
0.0011358202
0.0011368772
0.0011332675
0.0011227337
0.0011413657
0.0011298051
0.001144422
0.0011396273
0.0011373131
0.0011411125
0.0011416818
0.001139442
0.0011328666
0.001134007
0.0011285703
0.0011395152
0.0011450374
0.0011344168
0.001145391
0.0011474722
0.0011462205
0.001136167
0.0011369693
0.0011395206
0.0011462973
0.0011432826
0.0011353827
0.0011482803
0.0011423281
0.0011365957
0.0011527495
0.0011367818
0.0011456008
0.001142084
0.0011376592
0.0011395263
0.0011470255
0.0011428883
0.0011391965
0.0011412636
0.0011423357
0.001151145
0.001144379
0.0011443527
0.0011366237
0.0011514635
0.0011617267
0.0011567823
0.0011481616
0.0011452102
0.0011397481
0.0011455656
0.0011485784
0.0011484079
0.0011451738
0.0011341594
0.0011410875
0.001142488
0.0011447469
0.0011525985
0.001147492
0.0011439451
0.0011489848
0.001146869
0.001142817
0.0011608766
0.0011608313
0.0011489462
0.001144582
0.0011523458
0.0011474454
0.0011533392
0.0011525245
0.0011569698
0.0011510012
0.0011426038
0.0011410301
0.0011564315
0.001150394
0.0011535973
0.0011476586
0.0011493725
0.0011617921
0.0011595018
0.0011513319
0.0011528039
0.001145992
0.0011461008
0.0011508863
0.0011505315
0.001163684
0.0011521134
0.0011574469
0.0011672999
0.0011540981
0.0011501716
0.0011617139
0.0011613894
0.0011575061
0.0011545772
0.0011530609
0.001159341
0.0011484359
0.0011532004
0.001150975
0.0011576524
0.0011521457
0.0011599017
0.0011620196
0.0011617484
0.0011513694
0.0011586667
0.0011623141
0.0011539243
0.0011616101
0.0011543204
0.0011528188
0.0011597762
0.0011579077
0.0011525048
0.0011460412
0.0011482626
0.001159015
0.0011497719
0.0011519843
0.0011600468
0.0011459247
0.0011485277
0.0011636772
0.0011622369
0.0011665428
0.0011648806
0.0011652474
0.0011577794
0.0011583181
0.001162177
0.0011738783
0.0011578792
0.0011556335
0.0011594372
0.0011584451
0.0011574198
0.0011707832
0.0011575116
0.0011520018
0.0011596023
0.0011548307
0.0011574015
0.0011612482
0.0011698807
0.0011613986
0.0011651859
0.0011560167
0.0011687785
0.0011658381
0.001157825
0.0011553818
0.001159464
0.001160148
0.0011583515
0.0011644152
0.00116018
0.0011673089
0.0011597557
0.0011540173
0.0011643067
0.001166873
0.0011652145
0.0011680821
0.0011560163
0.0011673155
0.0011683272
0.0011721484
0.0011668567
0.0011504093
0.0011720213
0.0011632981
0.0011617661
0.0011670857
0.0011660389
0.0011749784
0.0011657496
0.001161955
0.0011655081
0.0011696141
0.0011566536
0.0011536432
0.0011716484
0.0011694959
0.0011685308
0.0011674106
0.001160104
0.0011704548
0.0011785565
0.0011738694
0.0011683725
0.0011658316
0.0011638165
0.0011654187
0.0011745318
0.0011640153
0.0011731931
0.0011678524
0.001163918
0.0011613282
0.0011635458
0.0011792072
0.0011686246
0.001174472
0.0011669679
0.0011716996
0.0011588209
0.0011632941
0.001166092
0.0011723761
0.0011644516
0.0011686195
0.0011668272
0.0011795452
0.0011657261
0.0011759416
0.0011728315
0.0011654283
0.0011716097
0.00115896
0.001166478
0.0011672378
0.0011603415
0.0011745783
0.0011733143
0.0011594949
0.0011717444
0.0011611601
0.001177166
0.0011657889
0.0011698243
0.0011701914
0.0011704133
0.0011712266
0.0011593341
0.0011719181
0.0011689569
0.0011666068
0.001171324
0.0011722419
0.0011725742
0.0011685425
0.0011705322
0.0011661664
0.0011724243
0.0011708175
0.0011752488
0.0011725195
0.0011671362
0.0011755002
0.0011657127
0.0011721497
0.0011738054
0.0011811776
0.0011691267
0.0011767964
0.0011714938
0.0011641037
0.0011701338
0.0011711875
0.0011677573
0.0011787353
0.0011768274
0.0011741924
0.0011732501
0.0011642745
0.0011757776
0.0011848565
0.0011721244
0.0011686131
0.0011722331
0.0011824293
0.0011758483
0.0011690237
0.0011786404
0.0011747051
0.001177093
0.0011655043
0.001175011
0.0011725777
0.0011791062
0.0011780566
0.0011716386
0.0011712889
0.0011680664
0.0011689644
0.0011720741
0.0011750242
0.0011732312
0.0011724381
0.0011717418
0.0011717302
0.0011804304
0.0011785845
0.001167326
0.0011802969
0.0011892528
0.0011767986
0.0011616392
0.0011767487
0.001173174
0.0011861661
0.0011732071
0.0011795767
0.0011659375
0.0011745633
0.0011737089
0.001181892
0.0011768922
0.0011805273
0.0011835565
0.0011762164
0.0011795819
0.0011755347
0.0011781297
0.0011687847
0.0011677056
0.0011751042
0.0011841604
0.0011765488
0.0011836499
0.0011735632
0.0011698724
0.0011766262
0.0011921084
0.0011702364
0.0011793008
0.0011848036
0.0011828694
0.0011717571
0.0011753805
0.0011730059
0.0011889876
0.0011735641
0.0011734584
0.0011747709
0.0011743956
0.0011806649
0.0011779575
0.0011748008
0.0011838636
0.0011711629
0.0011820188
0.0011837897
0.001180826
0.0011724936
0.0011770412
0.0011790774
0.0011820835
0.0011878423
0.0011747496
0.0011785132
0.0011925877
0.0011855788
0.0011760158
0.001181381
0.0011684636
0.0011763813
0.0011764028
0.001177879
0.0011853019
0.0011879781
0.0011787052
0.0011775366
0.0011774655
0.0011741777
0.001182458
0.0011811749
0.0011730834
0.0011768263
0.0011785935
0.0011681018
0.0011776355
0.0011882179
0.0011759829
0.0011743582
0.0011823596
0.0011880494
0.001177968
0.0011773343
0.0011865792
0.0011724528
0.0011903526
0.0011861506
0.0011930417
0.0011859883
0.001170798
0.0011843137
0.0011874457
0.001181996
0.0011880744
0.0011777362
0.001176727
0.0011798406
0.0011658996
0.0011772619
0.0011812526
0.0011840784
0.0011841899
0.0011794032
0.0011769305
0.0011815259
0.0011895242
0.001189822
0.0011879158
0.0011839283
0.0011855294
0.0011780317
0.0011806674
0.0011762575
0.0011921189
0.0011903516
0.0011890989
0.0011758138
0.0011749468
0.0011845853
0.0011840821
0.0011832196
0.0011835604
0.0011784297
0.0011912358
0.0011924115
0.0011888328
0.0011857261
0.0011815997
0.0011849216
0.0011917143
0.0011860515
0.0011834927
0.0011728875
0.0011921294
0.0011816407
0.0011808551
0.0011870511
0.0011764084
0.0011848538
0.0011926667
0.0011863025
0.0011884039
0.0011834551
0.0011908122
0.0011907319
0.0011875235
0.0011864704
0.0011875333
0.0011840687
0.0011906859
0.0011906141
0.001182734
0.0011812125
0.0011703657
0.001190459
0.001182388
0.001195711
0.0011837517
0.0011815617
0.0011823279
0.0011892116
0.0011883022
0.0011823724
0.001191989
0.0011889635
0.0011805479
0.0011875922
0.0011830926
0.0011907228
0.0012020384
0.0011921047
0.0011856506
0.001187597
0.0011753355
0.001183196
0.001180453
0.001189202
0.0011816161
0.0011938647
0.0011825159
0.0011877338
0.0011803393
0.0011845406
0.0011847874
0.0011900947
0.00118139
0.00117897
0.0011797488
0.001183593
0.001185313
0.00118662
0.0011854839
0.0011824988
0.0011913538
0.0011994953
0.0011947763
0.0011871376
0.001184839
0.0011823091
0.0011902406
0.001198276
0.0011842168
0.0011835597
0.0011940942
0.0011887853
0.0011893082
0.0011892517
0.0011952581
0.0011938638
0.0011956354
0.0011920708
0.0011786461
0.0011843396
0.0011917233
0.0011929476
0.0011821123
0.0011782489
0.0011892178
0.0011933643
0.0011962407
0.0011860705
0.001188412
0.0011920346
0.0011917726
0.0011945943
0.0011900761
0.0011957998
0.0011957303
0.0011845584
0.00118793
0.0011876731
0.0011964061
0.0011916115
0.0011879806
0.0012059571
0.0011831106
0.0011940686
0.0011967939
0.0011974262
0.0011944178
0.0011858144
0.0011922495
0.0011879656
0.0011829033
0.0011941259
0.0011848805
0.0011820992
0.0011906605
0.0011908618
0.0011893143
0.0011951427
0.0011929272
0.0012041046
0.0011941514
0.0011886286
0.0012025652
0.0011948807
0.0011938227
0.0012000229
0.001181938
0.0011922589
0.0011964524
0.0011915549
0.0011833456
0.0011904973
0.0011922816
0.0011978087
0.001187389
0.0011841394
0.0012034221
0.0011915726
0.0011966698
0.0011949269
0.0011952025
0.0011952608
0.0011884127
0.0011973104
0.0011907315
0.0011805193
0.001197814
0.0011906194
0.0011850222
0.0011977036
0.0011959319
0.0011964027
0.001196447
0.0011821657
0.0011804674
0.0011846169
0.0011969856
0.0012063824
0.0011985961
0.001191215
0.0011958485
0.0012028046
0.0011984266
0.0011982962
0.0011931342
0.0012027508
0.0011918308
0.0011904734
0.0012077626
