0.005516678400000001
0.003099806
0.002868916
0.0026601174
0.0025836622
0.0025312936
0.002501109
0.0023916612000000003
0.0023729690000000004
0.0023356285000000004
0.0023238868
0.0023048854
0.0022806848
0.0022957600000000004
0.0022554698000000002
0.0022613276000000002
0.0022165882000000003
0.0021748538000000003
0.0021505052
0.0021538804
0.0021356076
0.0021472956000000002
0.0021354327
0.0021345092
0.0021612308
0.002136031
0.0021173332
0.002164974
0.0021686306
0.0021334336
0.0021605712
0.0021708490000000003
0.0021817988000000003
0.002179757
0.0021888984
0.0021980162
0.0021823464
0.0022195357999999997
0.0022276270000000003
0.002221807
0.0022531514
0.0022463793
0.0022546812
0.0022353954
0.002258549
0.0022518762000000004
0.0022265370000000002
0.0022204964000000003
0.0022294776
0.0021781628000000003
0.0021839354
0.0021954554000000004
0.0021753442
0.00216357
0.002170904
0.0021597056000000002
0.0021726862
0.0021310346
0.002112466
0.0021599538000000003
0.0021470142
0.0021447576
0.0021022735
0.0021229289
0.002094779
0.0020976928
0.0020916204
0.0020826247
0.0020856936
0.0020744775
0.0020981652
0.0020912485
0.0020953044
0.0020766698
0.0020688449
0.0020697715
0.0020554003
0.0020628234
0.0020518468
0.002050946
0.0020475225
0.0020612795
0.0020708987
0.0020720426
0.0020367543
0.0020365631
0.0020641312
0.0020323624
0.0020257211
0.0020314192
0.0020615403
0.002029056
0.0020466093
0.0020528492
0.0020454885
0.0020267086
0.0020199749
0.0020204345
0.0020008427
0.0020178007
0.0020026797
0.0020162354
0.0020302667
0.002032753
0.0019888585
0.0020232084
0.0020109597
0.0020256762
0.0019874363
0.0020309235
0.0020196312
0.0020077832
0.0020011028
0.0019880426
0.0019891504
0.002006555
0.0020148398
0.0020049342
0.0019973544
0.0019873416
0.0020016003
0.0019941742
0.0019904256
0.0019962331
0.0019587902
0.0019704513
0.0020002932
0.0019786977
0.001993996
0.0019999428
0.0019782076
0.0019767436
0.0019727845
0.0019839148
0.0019963398
0.0019746807
0.0019800733
0.0019711854
0.001959747
0.0019610624
0.0019803564
0.0019822891
0.0019791967
0.0019628173
0.0019790907
0.0019715708
0.0019562645
0.001977945
0.0019773468
0.0019689123
0.0019828775
0.001955228
0.001941429
0.0019410626
0.0019714737
0.001962947
0.001973254
0.0019543616
0.0019542563
0.0019675137
0.0019777853
0.0019475375
0.0019520266
0.0019370014
0.0019477827
0.0019500016
0.001957905
0.0019655225
0.001945898
0.0019390357
0.0019418212
0.0019443256
0.0019332529
0.0019364592
0.0019335031
0.0019688795
0.0019312591
0.0019585267
0.0019238982
0.0019380086
0.0019265731
0.0019249067
0.0019392453
0.0019414586
0.0019276231
0.0019073897
0.0019249724
0.0019342599
0.0019434645
0.0019347367
0.0019458843
0.0019500356
0.0019151736
0.0019305788
0.0019341359
0.0019169139
0.0019507674
0.0019260377
0.0019489373
0.0019072515
0.0019311552
0.0019160969
0.0019263676
0.00191878
0.0019132054
0.0019467701
0.0019212866
0.0019283786
0.0019013825
0.0018992781
0.001916307
0.0019115043
0.0019064737
0.0019213987
0.0019207466
0.0019184966
0.0019169162
0.001900705
0.0018993884
0.0019044483
0.0019224114
0.0019111048
0.0019107085
0.001905394
0.0019154194
0.0018993923
0.0019042608
0.0018879178
0.0019181808
0.0019132257
0.0019058605
0.0019015018
0.0018966998
0.0019171743
0.0019081589
0.001875439
0.0019096944
0.001881596
0.0018997138
0.0019139247
0.0018913975
0.0019143531
0.0018980128
0.0018925745
0.0018753613
0.0018920846
0.0018767494
0.0018897622
0.0019017992
0.0019039763
0.0018972508
0.001901966
0.0018923447
0.0019186217
0.0018701013
0.0018814454
0.0018907624
0.0019016125
0.0018873217
0.0018935814
0.0018853565
0.0018851152
0.0019065435
0.0019023718
0.0018796192
0.0018773114
0.0018811626
0.001867751
0.0018930916
0.0019016365
0.0018981993
0.0018968213
0.001899238
0.0018853721
0.001880336
0.0018694394
0.0018894826
0.001886215
0.0018811567
0.001892148
0.0018795778
0.001873604
0.0018947575
0.0018757351
0.0018782386
0.0018855166
0.0018923116
0.0018556239
0.0018958987
0.0018696233
0.0018835677
0.0018890194
0.0018885541
0.0018766713
0.00187591
0.0018738377
0.0018842969
0.0018602422
0.001866378
0.0018608855
0.0018658582
0.0018834657
0.0018886173
0.0018848839
0.0018641213
0.0018690835
0.0018735116
0.0018888558
0.0018698866
0.0018810133
0.001884884
0.0018823894
0.0018583841
0.0018697416
0.0018570324
0.0018644298
0.001867137
0.0018804781
0.0018838504
0.0018666012
0.0018459518
0.0018727715
0.0018845445
0.0018607804
0.0018680579
0.00187561
0.0018759466
0.0018574201
0.0018505792
0.0018786516
0.0018869485
0.0018835339
0.001881834
0.0018696556
0.0018737162
0.0018600426
0.0018487541
0.0018603984
0.0018374766
0.0018658354
0.0018565612
0.0018630568
0.0018603725
0.0018624746
0.0018705189
0.0018760164
0.0018694842
0.0018595101
0.0018698503
0.0018838092
0.0018458964
0.0018542482
0.0018739429
0.001849829
0.0018683469
0.0018438207
0.0018621493
0.00187625
0.0018497652
0.0018622269
0.001863957
0.0018621165
0.0018495179
0.0018659056
0.0018479102
0.0018643166
0.0018685651
0.0018553826
0.0018746299
0.0018596142
0.0018800945
0.0018465035
0.001846594
0.0018529058
0.0018806224
0.0018546716
0.0018623424
0.0018655602
0.0018486116
0.0018527305
0.0018603607
0.0018617365
0.0018618249
0.0018457221
0.001842682
0.0018397175
0.0018487934
0.0018486818
0.0018641425
0.0018567551
0.0018563876
0.0018379783
0.0018611508
0.0018509572
0.0018646668
0.0018648991
0.0018533205
0.0018542195
0.001842691
0.0018486866
0.001846835
0.0018367523
0.0018515621
0.0018353617
0.0018524082
0.001848298
0.0018298925
0.0018601909
0.0018561836
0.0018502321
0.001859763
0.0018398724
0.0018429209
0.0018324333
0.001851343
0.001857745
0.0018570686
0.0018533864
0.0018456791
0.00184191
0.0018502116
0.0018378916
0.0018516368
0.0018285805
0.0018443653
0.0018336391
0.0018560637
0.0018358532
0.0018532191
0.0018490368
0.0018570311
0.0018527554
0.0018784155
0.0018603591
0.0018458755
0.0018372774
0.0018504288
0.0018518283
0.0018372054
0.0018393005
0.0018444502
0.0018300096
0.0018620403
0.0018311066
0.001832804
0.0018398692
0.0018286865
0.0018438448
0.0018393786
0.001832792
0.0018302599
0.0018353369
0.0018353695
0.0018425991
0.0018512596
0.0018253503
0.0018402553
0.0018442273
0.001832408
0.0018238979
0.0018705409
0.00183559
0.0018441295
0.001836503
0.0018447923
0.0018317186
0.0018268486
0.0018502105
0.0018231756
0.0018411033
0.0018288194
0.0018325027
0.0018353424
0.0018554569
0.0018207581
0.0018440034
0.0018510107
0.0018379309
0.0018425655
0.0018373526
0.0018247054
0.0018441608
0.0018188239
0.0018535752
0.001855317
0.0018359151
0.0018414834
0.0018338078
0.0018541699
0.0018315406
0.0018250591
0.0018264395
0.0018293706
0.0018051264
0.0018438386
0.0018204721
0.0018299065
0.0018510099
0.0018278612
0.0018394513
0.0018314527
0.0018224925
0.0018254962
0.0018299511
0.0018308044
0.0018323228
0.001845238
0.0018543075
0.0018334344
0.0018487658
0.0018308633
0.0018150016
0.0018425947
0.0018171711
0.0018305142
0.0018251512
0.0018236857
0.0018245348
0.0018345899
0.0018302206
0.0018372635
0.0018248141
0.0018115802
0.0018269256
0.0018340534
0.0018587689
0.0018157727
0.0018133174
0.0018343477
0.0018132405
0.0018326907
0.0018239835
0.0018218268
0.0018269521
0.0018541405
0.0018629836
0.0018381592
0.0018399173
0.0018167936
0.0018342303
0.0018321042
0.0018213905
0.0018323619
0.0018282632
0.0018330227
0.0018125701
0.0018188468
0.0018192164
0.001820919
0.0018337645
0.0018371298
0.0018161251
0.0018223276
0.0018124153
0.0018516692
0.0018235354
0.0018229823
0.0018474299
0.0018127684
0.0018240623
0.0018352043
0.0018064219
0.0018146489
0.0018314442
0.0018275832
0.001838193
0.0018347156
0.0018148186
0.0018465929
0.0018356943
0.0018187817
0.0018244464
0.0018030984
0.0018223424
0.0018423687
0.0018099309
0.0018209507
0.0018251073
0.0018131606
0.0018302214
0.001834205
0.0018080178
0.0018389375
0.0018320292
0.0018300111
0.0018191237
0.0018193588
0.0018222241
0.0018062225
0.0018206362
0.0018207367
0.0018164982
0.0018218205
0.001827224
0.0018101385
0.0018198587
0.0018305887
0.001819629
0.001821858
0.001815064
0.0018169474
0.001827473
0.0018072878
0.0018365255
0.0018229955
0.0018261783
0.0018185
0.0018005471
0.0018244053
0.0018387118
0.0018250496
0.0018190902
0.001803921
0.001799604
0.0018225429
0.0018208602
0.001829809
0.0018124671
0.0018216274
0.001811836
0.0018291035
0.0018070072
0.0018322847
0.0018135626
0.0018279084
0.0018237281
0.0018136633
0.0018224723
0.0018302156
0.0018022961
0.0018212029
0.0018134533
0.0018007014
0.0018051163
0.0018126217
0.0018283897
0.0018137078
0.0018182509
0.0018288873
0.0018116321
0.0018150324
0.0018195169
0.0018084927
0.0018000868
0.00183102
0.0018015567
0.0018311114
0.001820054
0.0018197768
0.0018230987
0.0018200405
0.0018131032
0.0017987399
0.0018093971
0.0018163375
0.0018087844
0.0018035071
0.0018317694
0.0018173717
0.0018257122
0.0018043198
0.0018137412
0.0018103416
0.001819799
0.001819789
0.001821589
0.0018154061
0.0018229254
0.0018019417
0.0018096034
0.0018119701
0.0018082287
0.0018090188
0.001839427
0.0018180411
0.0017993861
0.0017877205
0.0018125675
0.0018316587
0.0017853681
0.0017985733
0.0017994057
0.0018148354
0.0018157226
0.0018018308
0.0018100457
0.0018096187
0.0018161697
0.0018093742
0.0018005654
0.0018250972
0.0018040221
0.0018205446
0.0018074319
0.0018267524
0.0018061977
0.0018050892
0.0017965704
0.001830894
0.0017959477
0.001821637
0.0018227844
0.0018027017
0.0017868627
0.0018022602
0.0018125247
0.0018082648
0.0017769781
0.0018207413
0.0018125543
0.0018063702
0.0018054753
0.0018019407
0.0018119778
0.001826869
0.0018128576
0.0018119522
0.0018130394
0.0017903014
0.0018194877
0.0018159696
0.0018023644
0.0018069312
0.0018222478
0.0018001725
0.001808851
0.0018038753
0.0018030484
0.0018095425
0.0018015696
0.0018279306
0.001812581
0.0018191332
0.0018053176
0.0018085418
0.0018218157
0.0017975604
0.0018040558
0.0017985927
0.0018031144
0.0018083187
0.0017885508
0.0017926128
0.0018188508
0.0017949946
0.0018007306
0.0018002036
0.0017948163
0.0018127869
0.0017995097
0.0018069453
0.0018123393
0.0018044603
0.0018046988
0.0018017836
0.0018173349
0.0018158825
0.0017857724
0.001800143
0.0017894472
0.0018201835
0.0018093782
0.0017871411
0.0017859329
0.0017961173
0.0018175151
0.0017962101
0.0017961307
0.0017992507
0.0018060567
0.0018090595
0.0017799621
0.0018025475
0.0017929956
0.001794488
0.0018104976
0.0018138888
0.0018137563
0.0018099163
0.0017910685
0.0018007125
0.0017966308
0.0017911161
0.0017940084
0.0017963614
0.0017934574
0.0018180922
0.0018072049
0.0018178524
0.0018097035
0.001798857
0.001774967
0.0017832606
0.0018160531
0.0018163566
0.0018119037
0.0018099715
0.0017888508
0.0017931015
0.0018100403
0.0017949418
0.0017942494
0.0018082019
0.0018001453
0.0017895045
0.0017851329
0.0017994151
0.0017839633
0.0018153755
