0.0015774244000000002
0.00129602504
0.0012871053
0.0012609118000000002
0.00125453612
0.0012563184000000001
0.0012464732
0.00123637868
0.0012130113400000001
0.001210305
0.0012092090000000002
0.0012086187400000001
0.0012004463
0.00121493572
0.0012092767200000002
0.0012203630000000001
0.0012077324000000001
0.0012001870000000001
0.0011969220800000001
0.00120403934
0.001188359
0.0011967770800000001
0.0011883657400000001
0.00119780646
0.0011969238000000002
0.0011923576
0.0011814987200000002
0.0011982424
0.0012036202
0.0011803062600000002
0.0011929607
0.001193407
0.00119505432
0.0011855758
0.0011931181000000002
0.0012001665400000001
0.00119468588
0.001204046
0.0012081058000000002
0.0012061244000000002
0.00122194812
0.0012103859400000002
0.0012065636000000001
0.0012024045000000002
0.0012040102800000001
0.00122149828
0.00120281334
0.0012017735200000003
0.00119557594
0.0011784489200000001
0.00118467472
0.0011958060800000001
0.00120065528
0.0011931343
0.0011928611400000002
0.0011882620800000002
0.00118499388
0.0011897397200000001
0.0011988774000000002
0.0011849052
0.00119287214
0.001189977
0.0011714526
0.0011997797
0.0011749231
0.0011935342
0.0011860055
0.0011875038
0.0011758894
0.0011776976
0.0012023487
0.0011778777
0.0011995691
0.0011794752
0.0011833928
0.0011767264
0.0011747755
0.0011653781
0.0011869783
0.0011721917
0.0011778773
0.001169268
0.0011856864
0.0011794873
0.0011713757
0.0011706412
0.001178701
0.0011647545
0.0011640282
0.0011855948
0.0011861369
0.0011827839
0.0011705037
0.0011822841
0.0011841585
0.0011634855
0.0011690723
0.0011762665
0.0011637867
0.0011687466
0.0011620757
0.0011763022
0.0011762182
0.0011651156
0.0011603351
0.0011572816
0.0011749514
0.0011751674
0.001155664
0.0011738446
0.0011888657
0.0011689172
0.0011629361
0.0011694377
0.0011738332
0.0011722903
0.0011737919
0.0011724652
0.0011703257
0.0011693415
0.00115174
0.0011811522
0.0011736574
0.0011716208
0.0011576874
0.0011588352
0.0011803511
0.0011692616
0.0011767822
0.0011867597
0.0011485183
0.0011664046
0.0011705115
0.001164301
0.0011838853
0.0011756137
0.001159088
0.0011567895
0.0011563549
0.0011683526
0.0011692985
0.0011695
0.0011594143
0.0011605555
0.0011704892
0.0011687881
0.0011543004
0.0011695484
0.001164469
0.0011664033
0.0011705167
0.001159373
0.0011484957
0.001147451
0.0011608491
0.0011607648
0.001162168
0.0011669911
0.0011652777
0.0011789524
0.0011711788
0.0011487136
0.0011472211
0.0011507082
0.0011688487
0.0011599591
0.0011665332
0.0011740566
0.0011527993
0.0011575698
0.0011622804
0.0011607817
0.001151416
0.001159383
0.001158509
0.0011738543
0.0011525078
0.001178611
0.0011519911
0.0011574718
0.0011601017
0.0011524326
0.0011609028
0.0011560185
0.0011660939
0.0011502532
0.0011609456
0.0011510486
0.0011659893
0.0011545945
0.0011685948
0.00117347
0.0011451023
0.0011613716
0.0011659763
0.001145884
0.0011702226
0.001176101
0.0011580853
0.0011486434
0.0011607435
0.0011578738
0.0011584758
0.0011714352
0.0011628085
0.0011688854
0.0011578219
0.0011570279
0.0011503549
0.0011506479
0.0011532044
0.001165112
0.0011515658
0.0011557494
0.0011589358
0.0011606535
0.0011504305
0.0011430379
0.0011420487
0.001155392
0.0011571823
0.0011445628
0.0011498516
0.0011554859
0.0011655819
0.001153974
0.0011490016
0.001155046
0.0011685414
0.0011638434
0.001144092
0.0011541188
0.0011537812
0.0011496681
0.0011614582
0.0011421791
0.0011711254
0.0011500934
0.0011673961
0.0011747738
0.001159275
0.0011503951
0.0011573139
0.0011592138
0.0011603781
0.0011442017
0.0011519846
0.0011532422
0.0011478865
0.0011544573
0.0011583332
0.0011461067
0.00115493
0.0011715762
0.0011475803
0.0011444195
0.0011505383
0.0011588412
0.0011604291
0.0011607461
0.0011641404
0.0011422534
0.001153053
0.0011632664
0.001148815
0.0011444637
0.001149521
0.001142555
0.0011445534
0.0011587322
0.0011676346
0.0011492408
0.0011444949
0.0011528501
0.0011546586
0.0011398046
0.001154914
0.0011483002
0.0011720613
0.001162331
0.0011575907
0.0011483217
0.0011644128
0.0011490675
0.0011531997
0.0011561927
0.0011454005
0.0011422468
0.001165476
0.0011371606
0.0011441599
0.0011426253
0.001161143
0.001164992
0.0011373307
0.0011596541
0.0011575241
0.0011476985
0.0011420641
0.001131841
0.0011490235
0.0011456622
0.0011469054
0.0011636028
0.0011499721
0.0011499719
0.0011395846
0.0011572853
0.0011605138
0.0011602007
0.0011605434
0.0011533627
0.001158502
0.0011476147
0.0011466488
0.0011407931
0.0011388032
0.0011507523
0.0011603227
0.0011474648
0.0011361339
0.0011489061
0.001148349
0.0011562065
0.0011379662
0.0011554438
0.0011558534
0.0011564556
0.0011463346
0.0011445426
0.0011557726
0.0011647738
0.0011470593
0.0011510795
0.0011407457
0.0011554126
0.0011435283
0.0011422586
0.001144318
0.0011397093
0.0011462426
0.0011551635
0.0011349628
0.001151876
0.0011527155
0.001148886
0.0011568614
0.0011538278
0.001164514
0.0011520977
0.0011434552
0.0011542406
0.0011478699
0.0011314475
0.0011611035
0.0011603386
0.0011444549
0.0011413192
0.0011590583
0.0011536069
0.0011490382
0.0011532569
0.0011285337
0.0011531917
0.0011290752
0.0011561387
0.0011482105
0.0011386367
0.0011451296
0.001151718
0.0011490607
0.0011346799
0.0011415315
0.0011525665
0.0011729952
0.0011473253
0.0011619193
0.0011506433
0.0011443779
0.0011439181
0.0011419862
0.0011457818
0.0011531634
0.0011407388
0.0011451498
0.0011320078
0.0011586008
0.0011516744
0.0011363329
0.0011484341
0.0011525208
0.0011335054
0.0011461736
0.0011507466
0.0011509913
0.0011494772
0.0011477338
0.0011500142
0.0011373489
0.0011543349
0.0011515501
0.0011334028
0.0011499465
0.0011499873
0.0011439202
0.0011517277
0.001151578
0.0011448733
0.0011349051
0.0011432717
0.0011550168
0.0011490785
0.0011493606
0.0011523532
0.0011502357
0.0011500341
0.0011415215
0.0011552637
0.0011329785
0.001145232
0.0011474215
0.0011325742
0.0011444251
0.0011386639
0.001147629
0.001129673
0.0011508507
0.0011601388
0.0011354522
0.0011408478
0.0011654873
0.0011449341
0.0011417551
0.0011471943
0.001157212
0.0011437486
0.0011451911
0.0011451078
0.0011529346
0.0011439198
0.0011435108
0.0011446928
0.0011558095
0.0011523971
0.0011410195
0.0011377617
0.0011409832
0.0011489596
0.0011525078
0.0011427273
0.0011418978
0.0011389516
0.0011412641
0.0011480614
0.0011565654
0.0011336858
0.0011543914
0.0011458409
0.0011390983
0.0011372963
0.0011540209
0.0011281299
0.0011530822
0.0011583598
0.001144622
0.0011435397
0.0011477647
0.0011352983
0.0011439917
0.00115191
0.0011404038
0.001145649
0.0011368335
0.0011410626
0.001141341
0.0011415255
0.0011377231
0.0011444386
0.001135832
0.0011449639
0.0011428836
0.0011623065
0.0011329098
0.0011659518
0.001144048
0.0011491157
0.0011377349
0.001141494
0.0011595222
0.0011536248
0.0011363963
0.0011410405
0.0011372699
0.0011384416
0.0011414252
0.0011187356
0.001135237
0.0011602251
0.00112654
0.0011531996
0.0011488282
0.0011442356
0.0011419575
0.0011491603
0.0011491622
0.0011478404
0.0011697798
0.0011397611
0.0011498168
0.0011431454
0.0011349781
0.0011310446
0.0011439114
0.0011451367
0.0011545925
0.0011383486
0.0011425436
0.001135619
0.0011353566
0.0011396318
0.001145451
0.0011280742
0.0011341071
0.0011413313
0.0011462126
0.0011543242
0.0011403719
0.0011444642
0.0011496824
0.001144071
0.0011521839
0.0011381048
0.0011399218
0.0011429514
0.0011538195
0.0011533757
0.0011418703
0.0011606673
0.0011436621
0.0011435631
0.0011418214
0.0011265988
0.0011432271
0.0011466095
0.0011361038
0.0011419456
0.0011394155
0.0011427457
0.0011457375
0.0011406834
0.0011420501
0.0011389544
0.0011452612
0.0011319056
0.0011580696
0.0011447491
0.0011458804
0.0011397251
0.0011473257
0.0011520104
0.0011323241
0.0011313842
0.001127859
0.0011608131
0.0011281696
0.0011552431
0.0011332909
0.0011343259
0.0011686962
0.0011440996
0.0011273989
0.0011359898
0.0011431037
0.001146575
0.0011556675
0.0011387195
0.0011380868
0.0011425344
0.0011407562
0.0011458048
0.0011474553
0.001128849
0.0011474256
0.0011417179
0.0011371047
0.00113063
0.0011510928
0.0011381777
0.0011325362
0.0011426318
0.001148705
0.0011438155
0.0011346238
0.0011552296
0.001140612
0.0011445178
0.0011419262
0.0011410494
0.0011394302
0.0011520397
0.001140214
0.0011400377
0.0011480767
0.0011568876
0.0011339986
0.001147264
0.001154371
0.0011417104
0.0011416378
0.0011412721
0.0011351387
0.0011324339
0.0011382495
0.0011414172
0.0011425352
0.0011256358
0.001137238
0.0011499
0.0011551897
0.001126467
0.0011407845
0.0011282751
0.0011469139
0.0011287422
0.0011558507
0.0011402719
0.001137063
0.0011532217
0.0011444798
0.001148507
0.0011418199
0.0011374912
0.0011395583
0.0011316111
0.0011360954
0.0011500961
0.0011375475
0.0011438389
0.0011507579
0.0011392562
0.0011376007
0.0011336581
0.0011362737
0.0011366891
0.0011302829
0.0011243458
0.0011504885
0.0011554001
0.0011410848
0.0011334952
0.001152322
0.0011414442
0.0011366088
0.0011448741
0.0011516304
0.0011353837
0.0011304748
0.0011506167
0.0011415234
0.00114296
0.0011343752
0.0011406343
0.001145485
0.0011358757
0.0011367712
0.0011458393
0.0011322736
0.0011508628
0.001129784
0.001136682
0.0011413025
0.0011401105
0.0011350187
0.0011410149
0.0011374619
0.0011270016
0.0011290706
0.0011424234
0.0011543159
0.0011308104
0.00114259
0.0011406356
0.0011585004
0.0011459569
0.001140958
0.0011392226
0.0011279391
0.001153593
0.0011417336
0.001129417
0.0011457672
0.0011457284
0.0011453796
0.0011246298
0.0011398889
0.0011444526
0.00114544
0.0011273301
0.0011347636
0.0011372268
0.0011340044
0.0011603043
0.001137662
0.0011373508
0.0011403104
0.0011404696
0.0011413337
0.0011299694
0.0011273016
0.0011421167
0.0011413146
0.0011477462
0.0011398239
0.001137054
0.0011588737
0.0011303546
0.0011468711
0.0011463931
0.0011249306
0.0011311208
0.0011405736
0.0011470634
0.001131844
0.0011362005
0.0011278566
0.0011568405
0.0011492757
0.0011325803
0.001136139
0.0011231388
0.0011536098
0.0011395331
0.0011443364
0.0011434099
0.0011507629
0.0011541004
0.0011260689
0.0011510393
0.0011329633
0.0011312458
0.0011448355
0.0011363667
0.0011259502
0.0011325026
0.0011350558
0.0011433164
0.0011354483
0.0011301853
0.0011425907
0.0011322044
0.001140205
0.0011519981
0.0011186926
0.0011346753
0.0011326266
0.0011460911
0.0011370328
0.0011241505
0.0011402196
0.0011406018
0.0011484085
0.001143695
0.0011397135
0.001141278
0.0011336101
0.0011480781
0.0011235698
0.0011343887
0.0011433443
0.0011340963
0.001139902
0.0011340749
0.0011399933
0.0011429724
0.0011303261
0.0011361623
0.0011497708
0.0011397464
0.0011444102
0.0011271694
0.0011428175
0.0011253565
0.001126536
0.0011459796
0.0011422691
0.001121571
0.0011598392
0.0011259535
0.0011530085
0.0011381225
0.0011435469
0.0011273209
0.001143625
0.0011376067
0.0011321444
0.0011433716
0.0011383893
0.0011319645
0.0011321105
0.0011548887
0.0011261315
0.0011379669
0.0011474587
0.0011303117
0.0011340909
0.0011341269
0.0011334193
0.0011404981
0.0011518993
0.0011360791
0.0011368574
0.0011412504
0.0011386551
0.001153892
0.0011202691
0.001146161
0.001148313
0.0011365304
0.0011360953
0.0011272795
0.0011391031
0.0011343274
0.0011471693
0.0011211375
0.00114374
0.001123886
0.001140653
0.0011389565
0.0011382913
0.0011274645
0.0011251007
0.0011335094
0.0011580883
0.0011408705
0.0011483149
0.0011339909
0.0011323121
0.0011388828
0.0011367073
0.001126752
0.0011302766
0.0011355117
0.0011519183
0.0011360125
0.0011322002
0.0011344046
0.0011384377
0.0011408691
0.0011358097
0.0011390536
0.0011447562
0.0011298795
0.001138713
0.0011480412
0.0011513211
0.0011319738
0.0011367792
0.0011251147
0.0011291413
0.0011359543
0.0011268568
0.0011409797
0.0011346232
0.0011317811
0.0011456428
0.0011420712
0.0011275172
0.001141161
0.0011471461
0.0011580705
0.0011260295
0.0011433361
0.0011310384
0.0011351831
0.0011314668
0.0011406047
0.001134717
0.001139295
0.0011308889
0.001131369
0.0011312572
0.0011344892
0.0011326448
0.001140358
0.0011489644
0.0011275765
0.0011330432
0.0011317807
0.001141939
0.0011398124
0.0011458186
0.0011359336
0.0011304425
0.0011472469
0.0011494489
0.0011354364
0.0011419224
0.0011355224
0.0011510204
0.0011426875
0.0011376879
0.001131654
0.0011341065
0.0011432457
0.0011355854
0.0011218403
0.0011250158
0.0011375451
0.0011210676
0.0011173576
0.0011343667
0.0011446855
0.0011406551
0.0011386619
0.0011248013
0.0011484041
0.0011320821
0.001126443
0.001132282
0.0011391605
0.0011437895
0.0011324112
0.0011382279
0.0011501743
0.0011343777
0.0011485922
0.0011398479
0.0011326366
0.0011323818
0.0011319716
0.0011304885
0.001128554
0.0011384056
0.0011333269
0.0011296273
0.0011174676
0.0011383599
0.0011339011
0.0011397464
0.0011373363
0.0011281384
0.0011345219
0.0011336772
0.0011444635
0.0011386856
0.0011314432
0.0011293348
0.0011423678
0.0011400973
0.0011281891
0.0011349823
0.0011422045
0.0011431929
0.001134677
0.0011388185
0.0011240604
0.0011382118
0.0011262584
0.0011476226
0.0011219024
0.0011287045
0.0011406116
0.0011352934
0.0011398915
0.0011360332
0.0011344097
0.0011296673
0.001138945
0.0011348522
0.0011455072
0.0011329
0.0011316197
0.0011372052
0.0011299796
0.0011444811
0.0011382948
0.0011319184
0.0011259281
0.0011338926
0.0011219266
0.001138033
0.001133065
0.0011337887
0.0011295235
0.0011329275
0.0011225074
0.0011335979
0.0011278568
0.0011464693
0.0011270418
0.0011504865
0.001142336
0.0011357991
0.001133005
0.001133614
0.0011374501
0.0011461208
0.0011419301
0.0011219843
0.0011521325
0.0011384082
0.0011312676
0.0011494869
0.0011446612
0.0011340217
0.0011543144
0.0011251897
0.001132264
0.0011269895
0.001137821
0.00112266
0.0011305513
0.0011343034
0.0011185936
0.0011396814
0.0011373954
0.0011286603
0.001135063
0.0011333944
0.0011416759
0.0011222176
0.0011603206
0.0011253128
0.0011360215
0.0011293902
0.0011293857
0.0011326001
0.0011381224
0.0011311625
0.0011214296
0.00113389
0.0011371045
0.0011440591
0.0011276014
0.0011294973
0.0011421134
0.0011300354
0.0011431427
0.0011399426
0.0011290649
0.0011314271
0.0011300206
0.0011294503
0.001143017
0.0011342261
0.0011360244
0.00112648
0.0011463714
0.0011352198
0.0011321929
0.0011274851
0.0011431149
0.0011222094
0.0011345468
0.0011423918
0.001133848
0.0011259458
0.0011341892
0.0011265753
0.0011356093
0.0011406271
0.0011298879
0.0011427691
0.0011298578
0.0011433872
0.0011417527
0.0011374516
0.0011363925
0.0011281885
0.0011465251
0.0011208301
0.0011364582
0.0011397604
0.00112771
0.0011177958
0.0011330708
0.0011388178
0.0011359907
0.0011285001
0.0011329663
0.0011333035
0.0011421278
0.0011304838
0.0011378388
0.0011391053
0.0011239306
0.0011344032
0.00112989
0.0011131818
0.0011472376
0.0011299367
0.0011338805
0.0011343431
0.0011242094
0.0011406088
0.0011559662
0.0011300474
0.0011420602
0.0011240405
0.0011417025
0.0011444706
0.001132251
0.0011150499
0.0011362493
0.0011275451
0.0011272085
0.0011326831
0.001127153
0.0011309339
0.0011408002
0.0011432788
0.0011136042
0.0011278549
0.001140385
0.0011448419
0.0011231091
0.001137842
0.0011182983
0.001137594
0.001142531
0.0011310624
0.001152994
0.0011294711
0.0011323893
0.0011294256
0.0011224558
0.0011386526
0.0011264088
0.0011349332
0.001119245
0.0011329656
0.0011299801
0.0011295624
0.0011256763
0.0011346441
0.0011452228
0.0011310148
0.0011370901
0.0011451031
0.0011360727
0.0011358651
0.0011275054
0.0011263498
0.0011304168
0.0011495188
0.00111703
0.0011261541
0.0011334829
0.0011303321
0.0011296261
0.001133739
0.0011247976
0.0011428283
0.0011351543
0.0011386402
0.0011219734
0.0011411735
0.0011374078
0.0011311752
0.0011384279
0.0011281531
0.0011228062
0.0011270487
0.001130179
0.0011393789
0.0011557722
0.0011254717
0.0011416739
0.0011176937
0.0011429505
0.0011160824
0.001146819
0.0011322856
0.0011368976
0.0011224906
0.0011421974
0.0011480404
0.0011466633
0.0011424958
0.0011309137
0.0011183855
0.0011404081
0.0011339416
0.0011128554
0.0011173002
0.0011492089
0.0011384429
0.0011391104
0.0011463314
0.0011325829
0.0011402359
0.0011328547
0.0011317387
0.0011283711
0.0011268959
0.0011353601
0.00113667
0.0011443917
0.0011346232
0.0011506823
0.0011249462
0.0011265795
0.0011244369
0.001132252
0.0011236988
0.0011205547
0.0011268965
0.001121396
0.0011337694
0.0011411709
0.0011364559
0.0011451308
0.0011354702
0.0011203389
0.001131775
0.0011362225
0.0011368616
0.0011152724
0.0011308056
0.0011198757
0.0011205267
0.0011359461
0.0011377308
0.001127418
0.0011285216
0.0011358812
0.0011419507
0.0011228124
0.001131036
0.0011385808
0.0011366182
0.0011378026
0.0011381664
0.0011297811
0.0011274746
0.0011258471
0.0011400217
0.0011379828
0.0011275413
0.0011217115
0.0011290788
0.0011234999
0.0011488792
0.0011214134
0.0011294079
0.0011372303
0.0011456059
0.0011267652
0.0011363829
0.0011250902
0.0011301101
0.0011459397
0.0011364293
0.0011341469
0.0011325013
0.0011306448
0.0011326957
0.001133627
0.0011405669
0.0011348272
0.0011246733
0.0011364196
0.001129193
0.0011233127
0.001126954
0.0011418991
0.0011167009
0.001122653
0.0011293
0.001129971
0.0011406806
0.0011345473
0.0011350318
0.0011373339
0.0011286443
0.0011318679
0.001136171
0.0011313229
0.0011302122
0.0011348787
0.0011190837
0.0011196894
0.001135987
0.0011255486
0.0011326846
0.001139016
0.0011383764
0.0011254548
0.0011406845
0.0011160935
0.0011309534
0.001133501
0.0011374506
0.0011357467
0.0011398076
0.0011211755
0.0011380526
0.0011297187
0.0011217821
0.0011178339
0.0011242577
0.0011356422
0.0011396813
0.0011400225
0.0011478979
0.0011177369
0.0011357312
0.0011296704
0.0011347687
0.0011184093
0.0011454594
0.0011423427
0.0011120515
0.0011448873
0.0011381871
0.0011367188
0.0011286493
0.00113258
0.0011371389
0.0011335505
0.0011397917
0.0011323399
0.001126761
0.0011368903
0.0011117526
0.0011356781
0.001129683
0.001128214
0.0011299913
0.0011231884
0.0011282584
0.0011227195
0.0011342674
0.0011286839
0.0011295013
0.0011416099
0.001121952
0.0011368847
0.0011357385
0.0011361478
0.0011207009
0.0011215997
0.0011403103
0.0011304473
0.0011273755
0.001116402
0.0011435188
0.001129153
0.0011414539
0.0011337163
0.0011403242
0.0011122468
0.0011292897
0.0011240582
0.0011387907
0.0011264713
0.0011355823
0.001114101
0.0011165631
0.0011199547
0.001127462
0.0011267053
0.0011317813
0.0011227467
0.0011369194
0.001137708
0.001131808
0.0011368778
0.0011292082
0.0011344961
0.0011450128
0.0011362138
0.0011318695
0.0011209571
0.0011313005
0.001146893
0.0011371714
0.001120475
0.0011293981
0.0011316856
0.0011239239
0.0011360251
0.001142674
0.0011349906
0.0011262165
0.0011216316
0.0011423202
0.0011212096
0.0011214833
0.0011198896
0.001132067
0.0011374548
0.0011406763
0.0011362662
0.0011343131
0.0011361387
0.0011239443
0.0011241898
0.0011358454
0.001126466
0.0011300866
0.0011340746
0.0011393462
0.0011283053
0.0011381056
0.0011284566
0.0011240744
0.0011309797
0.0011216266
0.0011358163
0.0011414506
0.001117251
0.0011132647
0.0011152524
0.001148119
0.0011512643
0.0011359582
0.0011270753
0.0011492453
0.0011320175
0.0011326531
0.0011271846
0.0011151276
0.0011295814
0.0011342064
0.00113668
0.0011250991
0.0011326335
0.0011138681
0.0011225904
0.0011348072
0.0011256651
0.0011186416
0.0011425936
0.0011277432
0.001123289
0.0011310825
0.0011271832
0.0011203504
0.0011213729
0.001120463
0.0011304478
0.0011330089
0.0011165576
0.0011248521
0.0011268243
0.0011389616
