0.0027979428
0.002613774
0.0026051579
0.0025622906000000003
0.0025479120000000003
0.0025212138
0.0025173428000000004
0.0024792020000000002
0.0024598890000000003
0.0024520998
0.002456464
0.0024407842
0.0024318336
0.002443427
0.0024240866
0.0024167682
0.0024065148000000005
0.0024039292
0.002397096
0.0023972368000000003
0.0023787596000000005
0.0023862254
0.0023833372
0.002385742
0.0023834556000000002
0.0023762919000000003
0.0023613207000000003
0.0023825338000000003
0.0023701226
0.0023662922
0.0023706018000000002
0.00237601
0.0023783350000000005
0.0023717472
0.0023749814
0.0023833912
0.0023715328000000003
0.0023744298000000002
0.0023793706
0.0023820460000000005
0.0023897140000000002
0.0023936046
0.0023839094
0.0023709888
0.0023780138000000003
0.0023870842000000003
0.0023712246
0.0023777788000000004
0.002369145
0.0023495498
0.0023661512
0.0023613966
0.0023574222
0.0023490984
0.0023589526000000003
0.002354063
0.0023544266000000004
0.0023463986
0.0023414706
0.002355032
0.0023592146000000003
0.0023461198
0.002333767
0.002341564
0.0023314278
0.0023329302
0.002337742
0.0023292783
0.0023346895
0.002333984
0.0023382849
0.0023372003
0.0023376278
0.0023203576
0.0023304462
0.0023303418
0.0023160418
0.0023193436
0.0023159755
0.00232512
0.0023202593
0.0023235227
0.0023334955
0.0023325607
0.0023196978
0.0023125748
0.0023224289
0.0023236785
0.002314023
0.0023208386
0.0023268512
0.0023177902
0.0023110171
0.0023266694
0.0023207853
0.002311851
0.0023099864
0.0023104614
0.0023007425
0.002306672
0.0023004005
0.002311566
0.0023206656
0.0023297255
0.002295661
0.002306537
0.0023172558
0.0023158109
0.0022986743
0.0023218496
0.0023157047
0.002312532
0.002303764
0.0023036874
0.0023019454
0.0023099917
0.0023128523
0.00231532
0.002298182
0.0022996233
0.0023045947
0.0023150947
0.0023002133
0.0023061612
0.0022912435
0.002296133
0.0023103817
0.002292793
0.0023077487
0.0023115757
0.0022963223
0.0022982114
0.0022948573
0.0023005249
0.0023069866
0.002304034
0.002304121
0.002290469
0.0022938983
0.0022945644
0.0023024103
0.0023015954
0.0022953812
0.0022972033
0.0023049507
0.002296243
0.0022862009
0.0022957155
0.0022960044
0.0023005973
0.0023000855
0.0022899217
0.002282488
0.0022889276
0.002301315
0.002298205
0.002294036
0.0022969805
0.0022958259
0.0022938324
0.0023006122
0.0022894978
0.002295417
0.002280664
0.002292025
0.0022932265
0.002290881
0.002290766
0.0022829354
0.0022802886
0.0022952626
0.0022918645
0.0022856144
0.0022875967
0.0022841278
0.0023016087
0.0022841175
0.002291722
0.0022813317
0.0022801836
0.0022833112
0.002281004
0.0022864977
0.0022930978
0.002280503
0.0022792323
0.0022884465
0.002288272
0.0022844912
0.002294135
0.002294049
0.0022950806
0.00227572
0.0022857308
0.0022902712
0.0022761547
0.0023008275
0.0022855548
0.002292589
0.0022739952
0.0022877848
0.0022797645
0.0022824546
0.0022844665
0.0022827345
0.002283481
0.0022800127
0.0022816237
0.0022796462
0.0022697353
0.002283307
0.0022815368
0.0022852165
0.002290662
0.0022859338
0.0022897248
0.0022831974
0.002272511
0.0022770595
0.002276987
0.0022865832
0.002271646
0.002277896
0.0022752567
0.002288208
0.002275034
0.002287227
0.0022656454
0.0022772173
0.0022755044
0.0022816788
0.0022788325
0.0022766776
0.0022919008
0.0022786728
0.0022625204
0.0022849422
0.0022629458
0.0022823482
0.0022827932
0.00227669
0.0022851464
0.0022752748
0.0022716257
0.0022615993
0.002267119
0.0022658757
0.0022750588
0.0022825003
0.002285546
0.0022738571
0.0022715523
0.0022772963
0.0022826293
0.002270937
0.00226862
0.0022753058
0.0022807615
0.0022742425
0.002276484
0.0022730737
0.0022627236
0.0022861941
0.0022818388
0.0022694338
0.0022679926
0.002265178
0.002262469
0.0022688475
0.0022813005
0.002279978
0.0022669444
0.0022796036
0.002273443
0.0022687244
0.002266887
0.0022726085
0.0022771086
0.0022730737
0.0022766315
0.0022748027
0.0022686739
0.0022739654
0.0022661162
0.002265411
0.0022685803
0.002273378
0.0022605401
0.0022717314
0.0022641134
0.002273526
0.002273244
0.0022775284
0.002268136
0.0022676464
0.0022636175
0.0022645965
0.0022576714
0.0022670268
0.0022577585
0.0022594878
0.002275215
0.0022778856
0.0022717512
0.0022632093
0.0022630466
0.0022686382
0.002273829
0.0022684722
0.0022722166
0.0022724667
0.0022718208
0.002263726
0.002259449
0.00226197
0.002262395
0.0022607094
0.0022693272
0.0022701644
0.0022627753
0.0022535538
0.0022622352
0.0022781666
0.002262422
0.002268735
0.0022706278
0.00226948
0.0022530442
0.002266514
0.0022644724
0.002275309
0.0022747398
0.0022683619
0.0022644917
0.0022633672
0.0022654964
0.0022568393
0.0022587078
0.0022460525
0.0022657614
0.002259959
0.0022711747
0.002262592
0.0022655951
0.0022730704
0.0022642785
0.0022716285
0.0022668825
0.0022744478
0.002267891
0.0022481189
0.002263325
0.0022617914
0.0022549802
0.0022705388
0.0022568547
0.0022577764
0.002268465
0.0022597893
0.0022655441
0.0022631483
0.0022698112
0.0022473605
0.0022655334
0.002254131
0.002266615
0.002265561
0.002254485
0.0022704909
0.0022683078
0.0022716585
0.0022573285
0.002251771
0.0022549948
0.0022665362
0.0022618063
0.002274804
0.002262629
0.0022587073
0.002259644
0.002256085
0.0022697197
0.002268664
0.002256504
0.0022549185
0.0022477794
0.0022596999
0.0022557806
0.002260553
0.00225966
0.0022643697
0.0022533655
0.0022627315
0.002258458
0.0022573073
0.0022675015
0.002258159
0.0022588538
0.0022587476
0.0022615085
0.0022525017
0.0022443163
0.0022628973
0.0022525096
0.0022597262
0.0022651502
0.0022516171
0.0022699218
0.0022466371
0.0022622545
0.0022699218
0.0022657523
0.0022627327
0.0022496765
0.0022571955
0.002260781
0.0022669255
0.002256527
0.002250098
0.0022568142
0.0022488933
0.0022506656
0.0022627008
0.0022443945
0.0022627006
0.0022514977
0.002258219
0.0022554193
0.0022563648
0.00225189
0.0022641402
0.0022576281
0.0022616817
0.0022632172
0.0022658482
0.002258807
0.0022610424
0.0022598018
0.002257976
0.0022609963
0.0022574
0.0022482933
0.0022645732
0.0022539913
0.0022480432
0.0022553622
0.0022495056
0.0022507077
0.002255324
0.002252427
0.0022451638
0.002252048
0.0022497936
0.0022636857
0.002254967
0.0022393968
0.0022547315
0.002255336
0.002260294
0.0022430988
0.0022708797
0.0022498562
0.0022554107
0.0022603665
0.0022532553
0.0022556195
0.0022447328
0.002252639
0.002252563
0.0022569068
0.002251182
0.0022463088
0.0022583613
0.0022598642
0.002254205
0.0022522667
0.0022472267
0.002257903
0.0022605946
0.0022543129
0.0022483584
0.0022613667
0.002242708
0.002261714
0.0022612438
0.002253138
0.0022494947
0.0022503096
0.0022638019
0.0022528856
0.002242567
0.0022489063
0.002246934
0.0022434937
0.002266801
0.0022438506
0.0022468097
0.0022570125
0.0022416343
0.0022585941
0.0022508553
0.002251907
0.0022451316
0.0022593203
0.0022509482
0.0022538546
0.0022662426
0.0022660391
0.002256351
0.0022564468
0.0022531226
0.0022438623
0.0022569997
0.0022460963
0.0022495775
0.0022460376
0.0022574598
0.0022484893
0.0022454103
0.0022449268
0.0022549732
0.002248574
0.002243034
0.002255188
0.0022488781
0.0022584551
0.0022375674
0.002245046
0.0022492693
0.0022480518
0.002248456
0.0022517776
0.0022532924
0.0022469664
0.0022624321
0.0022690853
0.0022522265
0.002256312
0.0022531291
0.0022505554
0.0022540432
0.0022441547
0.0022547464
0.002254629
0.0022456946
0.002242269
0.0022401311
0.0022403512
0.002252645
0.0022475866
0.0022502353
0.0022459233
0.00224228
0.002242602
0.0022644978
0.0022555296
0.0022507631
0.0022569415
0.0022457733
0.0022528823
0.0022557161
0.0022415726
0.0022406774
0.0022565913
0.0022455838
0.0022551944
0.0022528854
0.002242522
0.002266756
0.0022507831
0.002241218
0.0022464178
0.0022420795
0.0022455987
0.0022580936
0.0022433116
0.0022452653
0.002248841
0.002249308
0.0022462811
0.0022504472
0.0022358154
0.0022582975
0.0022546295
0.002246858
0.0022449784
0.0022524272
0.0022488937
0.0022407528
0.0022412331
0.0022541115
0.0022515915
0.0022467466
0.0022529212
0.002244422
0.0022435996
0.0022522877
0.0022561292
0.0022486337
0.0022482283
0.0022440616
0.0022540395
0.002240441
0.002256903
0.0022464897
0.0022479796
0.0022492327
0.0022477482
0.002248777
0.0022549632
0.0022537617
0.0022440609
0.0022421514
0.002239478
0.0022464383
0.0022392874
0.00224636
0.0022448343
0.0022511147
0.0022423211
0.002250228
0.0022279422
0.0022510749
0.002240358
0.0022589255
0.0022480397
0.0022418473
0.002240611
0.0022511997
0.002239094
0.0022491252
0.0022485275
0.0022383668
0.0022392
0.0022487557
0.0022522048
0.002248247
0.0022467023
0.0022572537
0.0022452811
0.002251666
0.0022450085
0.002240057
0.0022361674
0.0022514828
0.0022333083
0.002252188
0.002249092
0.0022457659
0.002251089
0.002248954
0.0022523324
0.0022333227
0.0022397093
0.0022501603
0.002244766
0.0022394068
0.0022614314
0.0022484998
0.0022495016
0.0022450082
0.0022424322
0.0022384252
0.0022487626
0.0022476453
0.0022515466
0.0022500106
0.0022495121
0.0022414194
0.0022437428
0.0022500607
0.0022445896
0.0022418674
0.0022598596
0.00224335
0.0022308847
0.0022318647
0.0022388925
0.0022537096
0.0022363851
0.00223745
0.0022435857
0.0022488646
0.0022405647
0.0022465046
0.0022402124
0.0022334042
0.0022486416
0.0022448506
0.0022346561
0.0022479414
0.0022416904
0.0022458895
0.0022349493
0.0022469226
0.0022440609
0.0022431407
0.0022368988
0.0022562987
0.00224199
0.002242966
0.0022533648
0.002246198
0.0022351968
0.0022420164
0.0022495817
0.002242549
0.002224777
0.0022472122
0.0022530293
0.0022523766
0.0022453528
0.0022373078
0.0022476406
0.0022525939
0.0022421665
0.0022462034
0.0022463612
0.0022281972
0.002245488
0.002244839
0.0022405481
0.0022359726
0.0022549022
0.0022391067
0.002238784
0.0022359875
0.0022410713
0.002237778
0.0022350596
0.0022531964
0.0022417987
0.0022563166
0.0022406317
0.002248725
0.0022491144
0.0022381537
0.0022462036
0.0022343965
0.0022370338
0.0022492895
0.0022336235
0.0022371192
0.0022479112
0.0022406678
0.0022407684
0.0022412261
0.002236288
0.0022455915
0.0022385444
0.0022459486
0.0022432767
0.0022475678
0.0022409789
0.0022428508
0.0022472478
0.0022452432
0.002237796
0.0022363078
0.0022329648
0.0022503368
0.0022464294
0.002238911
0.0022353835
0.002233542
0.0022456495
0.0022289874
0.0022366322
0.002246391
0.0022462115
0.0022475966
0.0022295977
0.0022486341
0.0022406199
0.0022339611
0.0022458152
0.002240277
0.0022442285
0.0022473845
0.002230126
0.0022375362
0.0022415095
0.0022334785
0.0022334182
0.0022312934
0.0022372743
0.0022518204
0.0022391486
0.0022442755
0.00224637
0.0022398091
0.0022292652
0.0022302885
0.0022401568
0.002243191
0.0022418576
0.0022457151
0.0022349448
0.0022420827
0.0022508178
0.0022369558
0.0022389553
0.0022415495
0.0022348152
0.002233338
0.0022358098
0.0022402673
0.0022403297
0.0022498544
0.002236627
0.0022415295
0.0022398226
0.0022370792
0.0022494353
0.0022297988
0.0022465154
0.0022341204
0.002245903
0.0022391055
0.0022401186
0.002248504
0.002235903
0.0022369921
0.0022373858
0.0022368624
0.0022327485
0.0022413875
0.0022327076
0.002244406
0.002243111
0.0022291772
0.0022348354
0.0022508611
0.0022425042
0.002251893
0.0022310484
0.0022358324
0.0022250996
0.0022364766
0.002238814
0.0022209855
0.0022391311
0.002248912
0.00223941
0.0022279557
0.0022396734
0.0022397756
0.0022422583
0.0022337947
0.002233606
0.0022296242
0.0022415235
0.0022358065
0.002243925
0.0022427025
0.0022502397
0.002231912
0.0022449007
0.0022283595
0.00223814
0.00223523
0.0022289348
0.0022369332
0.0022304782
0.0022428546
0.0022363944
0.0022344256
0.002248492
0.0022496686
0.002241985
0.0022329607
0.0022450462
0.0022315874
0.0022324247
0.0022229624
0.0022441607
0.0022411102
0.0022442925
0.0022357819
0.0022288417
0.0022365113
0.0022277005
0.0022377688
0.0022376988
0.002249019
0.0022414334
0.0022330824
0.00222832
0.0022344892
0.0022412904
0.0022391633
0.0022301925
0.002227527
0.002243443
0.0022384864
0.0022460027
0.0022474215
0.0022303439
0.002249827
0.0022334668
0.0022323825
0.002235052
0.0022291974
0.0022463566
0.002232649
0.0022261494
0.0022274558
0.002245225
0.0022292244
0.0022276444
0.0022415991
0.0022377472
0.002235434
0.0022265175
0.0022313062
0.002242052
0.002235284
0.0022281525
0.0022294521
0.002234441
0.0022475545
0.00222171
0.0022437929
0.00222946
0.0022407447
0.0022502916
0.0022299273
0.0022395966
0.002236614
0.002239669
0.0022397516
0.0022258372
0.002233999
0.0022363663
0.0022371323
0.0022321204
0.0022331467
0.0022338065
0.0022348736
0.0022258756
0.0022324803
0.0022423337
0.0022332156
0.0022389856
0.002229844
0.0022334997
0.0022333087
0.0022359483
0.0022345686
0.0022407053
0.0022459284
0.0022467207
0.002237563
0.0022225408
0.0022360964
0.0022220588
0.0022406967
0.0022245434
0.002234334
0.0022342457
0.0022301374
0.002233166
0.0022446024
0.0022395472
0.0022338415
0.002235194
0.0022292007
0.0022387963
0.0022359835
0.0022411256
0.0022394815
0.002228406
0.0022290251
0.0022283087
0.0022361202
0.0022456772
0.0022329325
0.0022299471
0.0022383023
0.002231384
0.002223414
0.002226821
0.002233532
0.0022292894
0.0022338207
0.0022323462
0.0022316927
0.002222519
0.0022342897
0.0022318305
0.0022381735
0.002248756
0.0022350983
0.0022280777
0.002236359
0.002229923
0.00223324
0.0022481072
0.0022282999
0.0022537448
0.002229824
0.0022271764
0.00224255
0.0022370014
0.0022342072
0.0022446057
0.0022195964
0.0022327332
0.0022235177
0.0022343658
0.0022353483
0.0022172255
0.0022319194
0.002225997
0.0022387072
0.0022368361
0.0022271194
0.002227227
0.002243993
0.0022315679
0.0022349348
0.0022456592
0.002216688
0.0022360082
0.0022248265
0.0022365968
0.0022246123
0.0022320112
0.0022307676
0.002227362
0.0022298032
0.0022267448
0.0022357558
0.0022250803
0.0022215433
0.0022406054
0.0022341376
0.0022445389
0.0022327579
0.0022484583
0.0022351006
0.002229598
0.0022326699
0.0022396748
0.0022281418
0.0022367402
0.0022364557
0.0022270759
0.0022303918
0.0022381356
0.0022206844
0.0022424955
0.0022269015
0.0022328238
0.0022227666
0.0022306927
0.002226393
0.0022366943
0.002230802
0.0022338848
0.0022389574
0.0022337844
0.0022407356
0.002237972
0.0022370676
0.0022375102
0.0022442339
0.0022206986
0.0022240684
0.0022323488
0.0022272035
0.0022455389
0.0022337502
0.0022324678
0.002230272
0.0022271397
0.0022301876
0.0022395398
0.0022299907
0.002224362
0.0022218903
0.0022282398
0.002226466
0.002222458
0.002232851
0.0022256006
0.0022387279
0.002231233
0.0022326955
0.0022340794
0.002232601
0.0022244523
0.0022455133
0.0022293543
0.0022290214
0.0022414913
0.0022197035
0.002228979
0.0022185466
0.002225333
0.0022430387
0.002235072
0.0022211205
0.0022338568
0.0022246176
0.0022297197
0.0022221734
0.0022298533
0.0022316927
0.002227234
0.0022351185
0.0022239664
0.002229135
0.0022328254
0.002230566
0.0022294703
0.0022381896
0.002220927
0.002229535
0.0022339434
0.0022325548
0.0022438064
0.0022289748
0.0022373365
0.002228605
0.002222264
0.0022350017
0.0022291995
0.0022343278
0.002217069
0.002228459
0.0022315974
0.0022355737
0.0022280007
0.0022200502
0.0022368103
0.0022315765
0.0022315935
0.0022346722
0.0022248344
0.0022258037
0.0022258337
0.0022255296
0.0022317204
0.0022418944
0.0022229722
0.0022213855
0.002241461
0.0022374943
0.0022316014
0.0022188104
0.0022218202
0.0022313958
0.0022312098
0.0022323197
0.0022297618
0.0022379863
0.0022307415
0.0022226274
0.002231522
0.002236038
0.002227169
0.0022330019
0.002218498
0.0022334647
0.002240553
0.0022262468
0.0022374878
0.00222477
0.0022339118
0.0022235468
0.0022430832
0.002242661
0.0022266428
0.0022277348
0.0022327027
0.002220131
0.0022285094
0.0022419381
0.0022379998
0.002221481
0.0022264912
0.002227796
0.0022102532
0.0022148432
0.0022313816
0.0022392767
0.0022394145
0.0022315178
0.0022335388
0.0022258048
0.002240127
0.0022283278
0.0022214209
0.0022302123
0.002229978
0.002233048
0.0022420562
0.002224497
0.0022288505
0.0022177196
0.0022216241
0.002229508
0.00223771
0.0022274333
0.0022230064
0.002223332
0.0022200544
0.0022360436
0.0022298153
0.0022276137
0.0022375316
0.0022300384
0.0022321057
0.0022312005
0.002228928
0.0022232363
0.0022127582
0.0022226041
0.0022219475
0.0022179852
0.0022353134
0.0022407589
0.0022213587
0.0022335092
0.0022242276
0.0022385838
0.0022259185
0.0022291776
0.0022249187
0.0022281166
0.0022305276
0.0022295418
0.002229259
0.0022281313
0.0022151743
0.0022418865
0.0022301245
0.0022289942
0.0022269697
0.0022200055
0.0022276375
0.00223893
0.0022235555
0.002236729
0.0022393877
0.0022292566
0.0022211506
0.0022282416
0.0022212283
0.00223082
0.0022411747
0.0022366568
0.0022190886
0.0022233045
0.0022211256
0.0022387963
0.002235447
0.0022255064
0.0022230935
0.002226923
0.0022258628
0.0022258547
0.0022287276
0.002234103
0.002223191
0.002218621
0.002227127
0.0022232695
0.0022293816
0.0022337819
0.002232904
0.0022313553
0.0022301618
0.0022155321
0.0022202332
0.00223423
0.002223737
0.0022309164
0.002217216
0.0022053362
0.0022233417
0.0022289348
0.0022226449
0.002230175
0.0022311525
0.0022292277
0.0022229785
0.0022351565
0.0022210774
0.0022260193
0.0022456897
0.0022265126
0.002219317
0.0022406622
0.0022234553
0.0022337853
0.0022260135
0.0022180155
0.0022218197
0.0022232563
0.0022303725
0.0022303055
0.0022477496
0.002231648
0.0022164916
0.002235152
0.0022261713
0.00222165
0.0022174579
0.0022320005
0.0022331602
0.0022118518
0.0022371379
0.002230916
0.0022218518
0.0022252644
0.0022310612
0.0022283676
0.0022306324
0.0022295713
0.0022325637
0.002224227
0.0022229846
0.0022118988
0.0022280312
0.0022258945
0.002218061
0.0022277557
0.0022260735
0.0022326314
0.0022209403
0.0022285054
0.002214496
0.0022274163
0.0022136199
0.0022272521
0.002231911
0.0022172744
0.0022273976
0.0022248924
0.002225283
0.002226632
0.0022358773
0.0022183936
0.0022219287
0.0022299134
0.002226499
0.0022331122
0.002227245
0.002232789
0.002216888
0.002225557
0.0022263904
0.0022319974
0.0022229038
0.002218115
0.0022185585
0.002216689
0.0022321683
0.0022266821
0.0022227627
0.0022232558
0.0022154476
0.0022275099
0.0022385383
0.0022381253
0.0022180856
0.0022280088
0.0022187603
0.002229507
0.0022325697
0.0022273262
0.0022224244
0.002222749
0.0022321073
0.0022186583
0.0022186672
0.002227154
0.0022299795
0.0022272211
0.0022223191
0.0022438404
0.002230861
0.0022220905
0.0022111705
0.0022332945
0.0022158641
0.0022251066
0.0022179899
0.0022344273
0.0022206868
0.002239487
0.0022197673
0.0022292282
0.0022299497
0.002218752
0.0022273716
0.0022269469
0.002226492
0.0022203305
0.0022271515
0.002228778
0.0022196986
0.0022332242
0.0022259708
0.0022257303
0.0022247555
0.0022248921
0.0022224959
0.0022299618
0.0022250472
0.0022051234
0.0022223901
0.0022370487
0.0022323246
0.002225321
0.0022199936
0.0022247715
0.0022281536
0.0022190816
0.002221175
0.0022215864
0.0022312356
0.0022249252
0.0022394885
0.0022232397
0.002227222
0.0022166541
0.0022234113
0.0022389973
0.0022294212
0.002225479
0.002226794
0.0022285313
0.0022199922
0.002229295
0.0022259848
0.0022210795
0.0022276624
0.0022202004
0.002224755
0.0022112825
0.002211557
0.0022191966
0.002218237
0.0022233394
