0.009892054
0.007009600800000001
0.006761174000000001
0.006483318000000001
0.006386108000000001
0.0063088276000000006
0.006264924
0.006107239800000001
0.006045868
0.0059980318
0.005989560800000001
0.0059542906
0.0059129674
0.0059541260000000006
0.005888833400000001
0.0058984574
0.0058308352
0.005778975
0.005744524000000001
0.0057551544
0.005702725400000001
0.0057302966
0.005707131000000001
0.005718054
0.0057416104
0.005704682
0.0056601506
0.005745751
0.005742372200000001
0.005680028
0.005724138
0.0057402644
0.005755191
0.0057370782000000006
0.005756997
0.005781574
0.0057485704
0.0057980116
0.0058151048
0.0058099776
0.0058648116
0.0058503636
0.0058451592
0.00580879
0.0058405720000000005
0.0058604598
0.0058005792
0.005800043
0.0057941984000000005
0.0057061658
0.005734759200000001
0.005752658000000001
0.005733426600000001
0.0057058088
0.0057227186
0.0057020348
0.005712103400000001
0.0056671742
0.005652806600000001
0.0056998898
0.005699103600000001
0.0056808524
0.0056074928
0.005664272
0.0056011295
0.005624153
0.0056153666
0.0055994
0.005596278
0.005586162
0.0056387945
0.0056063286
0.0056325034
0.005576505
0.0055826847
0.005576841
0.005546215
0.005547547
0.005554802
0.0055482564
0.005545657
0.0055540735
0.005590081
0.005584093
0.0055278256
0.0055197757
0.0055652605
0.005520795
0.0055037704
0.0055378512
0.005574526
0.0055296295
0.0055281296
0.0055618025
0.0055504353
0.0055020447
0.0054990356
0.0055071595
0.0054653743
0.0054932185
0.005465151
0.005504097
0.00552715
0.005527594
0.0054448517
0.005487027
0.005503169
0.005516656
0.005441772
0.005526617
0.0055241995
0.00548923
0.005467805
0.005461169
0.005464931
0.005488837
0.0055014812
0.005492721
0.0054658623
0.005456308
0.005457937
0.0054904185
0.0054642987
0.0054740207
0.0054077213
0.005425417
0.005491025
0.005440757
0.0054785274
0.0054982714
0.0054230466
0.0054413597
0.0054381546
0.0054487432
0.0054872124
0.0054543284
0.0054432885
0.0054184454
0.005409999
0.00542398
0.005452062
0.005453383
0.00543399
0.0054205735
0.005454534
0.005436603
0.005396771
0.005443211
0.0054378193
0.005435916
0.005453475
0.0054045273
0.0053724125
0.005377438
0.0054336386
0.0054219086
0.005429456
0.00541833
0.0054153614
0.0054402933
0.0054495735
0.0053857532
0.005394667
0.005368375
0.00540866
0.00540319
0.0054153227
0.0054303478
0.005381635
0.0053768964
0.00539936
0.005396968
0.0053702854
0.005383438
0.0053761415
0.0054443427
0.005367883
0.0054288637
0.005357225
0.0053756693
0.005369988
0.005358339
0.0053866445
0.0053905733
0.0053742225
0.0053368723
0.005374364
0.005373575
0.005393945
0.0053834687
0.0054085287
0.0054185926
0.005335992
0.005377682
0.00539039
0.0053389533
0.005421814
0.005387697
0.0053996122
0.005329885
0.0053796894
0.005353735
0.0053673005
0.005374679
0.00535875
0.0053991317
0.005359121
0.0053670276
0.0053313854
0.0053196615
0.0053528184
0.0053581554
0.0053432607
0.005367804
0.0053656152
0.005368878
0.0053505385
0.005316253
0.0053184987
0.0053368215
0.005366171
0.0053273146
0.0053384546
0.0053361403
0.005369215
0.005328395
0.005340491
0.0053086095
0.005363942
0.0053525744
0.005331635
0.0053344555
0.005327157
0.0053587444
0.00534829
0.0052801357
0.005365764
0.005294636
0.005349462
0.0053714914
0.0053273626
0.0053498964
0.0053306017
0.0053234133
0.0052973353
0.005303407
0.0052946126
0.0053180642
0.0053321873
0.0053439788
0.0053294413
0.0053196237
0.0053245714
0.0053728255
0.0052886214
0.005294485
0.00531661
0.0053412146
0.005321994
0.0053308066
0.005322568
0.0052900943
0.005345795
0.005347479
0.0052978676
0.0052897697
0.0052958643
0.0052727764
0.005306498
0.0053416686
0.0053458065
0.0053130034
0.0053233383
0.0053116684
0.0053037135
0.00527613
0.0053170044
0.005311624
0.0053262906
0.00533111
0.0053119776
0.005290599
0.005333137
0.005290914
0.005296848
0.005310288
0.005311092
0.0052584116
0.0053331037
0.0052708974
0.0053012525
0.005304892
0.005327228
0.0053097946
0.0052808835
0.005297107
0.005306417
0.0052656108
0.0052754725
0.005250482
0.0052743726
0.0053043435
0.0053134095
0.0053202356
0.0052773072
0.0052821
0.0052817343
0.0053199707
0.0052988776
0.0053134323
0.0053178933
0.0053075734
0.005280612
0.0052768104
0.0052656555
0.0052676224
0.00526665
0.005300553
0.0053143366
0.005276839
0.0052356403
0.0052839117
0.0053110584
0.0052794134
0.005274756
0.005301682
0.005301284
0.005266923
0.005263423
0.005287672
0.0053180354
0.0053230464
0.005297254
0.005285231
0.0052778274
0.005280951
0.0052491226
0.005261361
0.005227845
0.0052713063
0.005262758
0.005289398
0.0052579264
0.005279945
0.005296302
0.0052891816
0.0052979705
0.00528022
0.0053088176
0.0053037987
0.0052374685
0.005271817
0.0052836053
0.0052362615
0.0052999905
0.00526101
0.00526438
0.005286032
0.0052686133
0.0052813776
0.0052761454
0.0052851825
0.0052254065
0.0052846354
0.0052311174
0.0052870647
0.0052823317
0.00524851
0.00529025
0.0052796416
0.005300813
0.0052385125
0.005239896
0.005260468
0.005320152
0.0052638105
0.005299069
0.0052788304
0.0052516973
0.0052562915
0.0052584307
0.005277236
0.005283654
0.005242969
0.0052427505
0.0052195014
0.005267093
0.0052561346
0.005261022
0.00526485
0.005273278
0.0052248514
0.0052700555
0.005260159
0.005272965
0.0052818744
0.005259213
0.005263084
0.0052387877
0.00526453
0.0052508824
0.0052144704
0.005264406
0.005237858
0.005256058
0.005265173
0.0052330927
0.0052749887
0.0052377246
0.005255756
0.0052847033
0.005254706
0.005255018
0.005234456
0.0052587697
0.0052685607
0.00526552
0.005265177
0.0052287574
0.0052439575
0.005246527
0.0052211294
0.0052587637
0.0052116406
0.005254696
0.0052148155
0.005265132
0.0052514123
0.0052450374
0.005241777
0.0052866535
0.0052553234
0.0052818498
0.0052707703
0.005268939
0.0052398327
0.0052566607
0.0052567376
0.005248116
0.005244219
0.005245364
0.0052229916
0.0052824225
0.0052374983
0.0052218586
0.0052329926
0.0052191764
0.0052435114
0.005247212
0.005227947
0.0052173217
0.005226337
0.005226427
0.0052543418
0.005262792
0.0051984307
0.005249376
0.0052454076
0.0052318005
0.0052042934
0.0052954433
0.0052135773
0.005252627
0.0052552274
0.0052426737
0.005230875
0.005219347
0.0052381507
0.005219735
0.00524992
0.0052204058
0.005224463
0.0052305283
0.0052563883
0.005216304
0.0052377963
0.005235963
0.005240274
0.0052389936
0.0052366294
0.005215949
0.005267835
0.0051944377
0.0052812416
0.0052606063
0.005238165
0.0052287066
0.0052256137
0.005277492
0.0052380506
0.0052040215
0.005216388
0.0052135717
0.0051870607
0.0052520656
0.0051830546
0.005211955
0.005268248
0.0051960363
0.0052512432
0.005231136
0.005218638
0.005212591
0.005238427
0.0052309115
0.0052340166
0.0052812574
0.005260111
0.0052395994
0.0052483557
0.005218962
0.0051899115
0.005243505
0.0052084103
0.0052346797
0.0052095456
0.0052236933
0.0052086436
0.0052153594
0.005214779
0.0052376855
0.0052014655
0.0051887217
0.005223439
0.0052291434
0.0052715484
0.0051937145
0.005202828
0.005233298
0.0052053635
0.0052333297
0.0052138697
0.005215038
0.0052168714
0.00527039
0.0052854493
0.0052322526
0.0052568996
0.005213582
0.005228352
0.00522797
0.0051921415
0.005230336
0.0052295043
0.005214821
0.005196783
0.0051983926
0.005202314
0.0052193003
0.0052220384
0.0052294107
0.005201003
0.0052098692
0.005186924
0.005274233
0.0052238177
0.0052196244
0.005244097
0.0052058673
0.005228952
0.005223244
0.005179379
0.0051831803
0.005248853
0.0052013355
0.005248632
0.0052208947
0.0051916684
0.0052820435
0.005230577
0.0051873946
0.0052068504
0.0051882816
0.0052145165
0.005256122
0.0051919636
0.0052043037
0.005216483
0.0052032294
0.0052223103
0.0052321046
0.005172679
0.005244662
0.005228378
0.0052139712
0.0051947325
0.0052228756
0.0052092946
0.005179509
0.0052045044
0.0052235476
0.0052119056
0.0052031875
0.0052353777
0.005195172
0.0052079745
0.0052247997
0.0052168053
0.0052099247
0.0052153347
0.005201223
0.005221553
0.0051958053
0.0052503217
0.005203483
0.005221426
0.0052221026
0.005190008
0.005214819
0.0052349484
0.00521395
0.0051955823
0.0051843203
0.0051805014
0.0052115167
0.0051857815
0.005213409
0.0052071973
0.0052279346
0.0051806252
0.0052201175
0.0051632253
0.005230273
0.0051826625
0.005242682
0.005212039
0.005192574
0.005216306
0.0052259
0.005189899
0.005212146
0.005199473
0.005178625
0.0051759253
0.005197474
0.005230689
0.0051995083
0.0052087926
0.005236895
0.005196172
0.0052042957
0.00519818
0.005184824
0.005172945
0.005212787
0.0051592123
0.0052337907
0.005224547
0.005206628
0.005207679
0.0052213133
0.0052068755
0.0051686727
0.005193981
0.0052181273
0.0051889312
0.0051733865
0.0052438155
0.0052074
0.005218173
0.0051837014
0.0051968116
0.005194252
0.005204432
0.005204207
0.0052189794
0.0051976894
0.005223306
0.0051731444
0.005190026
0.005203329
0.0051929266
0.005185908
0.0052403035
0.005198851
0.0051572733
0.0051486567
0.0051938808
0.0052396846
0.005152567
0.005178613
0.0051836204
0.0052221967
0.005202244
0.005189293
0.0051894854
0.0051709623
0.005218404
0.005195962
0.0051646437
0.0052188025
0.0051914374
0.0052118157
0.0051670163
0.0052135615
0.0051947143
0.005193666
0.005160802
0.0052219564
0.0051751714
0.0051986105
0.005236453
0.0051865596
0.005159411
0.0051845857
0.0052025756
0.0051921504
0.005131724
0.0051952573
0.005207701
0.0052000606
0.005198575
0.0051790704
0.0051966705
0.0052383314
0.0051853787
0.005205032
0.0052057933
0.0051434366
0.005196092
0.005201379
0.005189977
0.0051747477
0.005213349
0.005167138
0.005204478
0.0051891333
0.0051766983
0.0051834653
0.0051597683
0.0052347374
0.0051939115
0.005219788
0.0051893597
0.005208035
0.00522503
0.0051617865
0.005201305
0.005165955
0.005171401
0.0052024485
0.005158539
0.005155685
0.0051992657
0.0051707206
0.0051848157
0.0051768715
0.005161293
0.0052009737
0.00517026
0.005193099
0.0052076136
0.005170726
0.0051803575
0.00517726
0.0052106692
0.0051981583
0.005147721
0.0051766676
0.0051630153
0.005218931
0.005199501
0.005165766
0.0051625995
0.005163269
0.005211245
0.0051487694
0.005167152
0.0051889885
0.0051863645
0.00519656
0.0051436373
0.0051911734
0.0051765903
0.005158774
0.005192472
0.005203939
0.0051977276
0.0052017095
0.0051483684
0.005181067
0.005163494
0.005151135
0.0051734056
0.005169924
0.005152301
0.0052297586
0.005172305
0.005215137
0.0051941895
0.0051822127
0.0051315483
0.005157176
0.005193822
0.0051916908
0.005197129
0.0051940787
0.0051557533
0.0051672924
0.0052157464
0.0051580328
0.0051711723
0.0051972135
0.0051652687
0.0051569315
0.005155069
0.0051731067
0.005164789
0.0052171317
