0.20995228
0.0058758007
0.006105609
0.0059866547
0.005919821
0.006250375
0.005213925
0.006210296
0.005581165
0.0069405334
0.0055873888
0.0065697366
0.0056135333
0.0065629967
0.0051042913
0.005989896
0.00594169
0.004653703
0.0044700047
0.005692261
0.0064789443
0.0052582873
0.0057845954
0.006075033
0.0054845316
0.0062253736
0.0053418004
0.004964563
0.005737575
0.0052640005
0.005598086
0.0061200927
0.005502648
0.005854076
0.006638198
0.006784629
0.005832737
0.0062981113
0.00638343
0.005677747
0.005438766
0.005981027
0.005125305
0.0059436737
0.0056575565
0.0057124337
0.005697013
0.0047451463
0.006360326
0.0065248096
0.0062015764
0.005685388
0.005823563
0.0064779012
0.0072548003
0.0058335545
0.0052792453
0.0046154684
0.0066261427
0.0064901514
0.0058766324
0.00656981
0.00615511
0.005445288
0.0057918886
0.005246178
0.0060335128
0.006606046
0.0062824525
0.005330545
