14.925636
8.976171
8.977844
8.985386
8.990497
8.980355
8.975174
8.950828
8.966
8.983756
8.9906845
8.963957
8.984252
8.975212
8.980562
8.981414
8.963982
8.960949
8.9659395
8.976687
8.9728565
8.977133
8.98528
8.968259
8.9964695
8.961966
8.967024
8.961185
8.964139
8.958159
8.97262
8.973412
8.976866
8.952037
8.9785595
8.961502
8.989466
8.963308
8.976629
8.975544
8.970327
8.993174
8.949102
8.982436
8.976248
8.970837
8.96537
8.992888
8.950522
8.979017
8.955188
8.964782
8.987447
8.9702835
8.9675045
8.947176
8.973757
8.985089
8.9573765
8.96283
8.986652
8.970488
8.979492
8.964447
8.972125
8.982626
8.956851
8.98588
8.97038
8.9665985
