0.31156147
0.26998746
0.25786272
0.25103107
0.24929276
0.24610631
0.24535884
0.24269313
0.2420533
0.2410439
0.24224971
0.24099575
0.23951416
0.23913959
0.23813932
0.23924917
0.23893158
0.23659892
0.2385888
0.2366314
0.2376722
0.23522449
0.23540871
0.23547384
0.23482811
0.23652573
0.23613808
0.23641084
0.23402177
0.23439142
0.23391284
0.23311168
0.23546222
0.2343575
0.23352678
0.23231986
0.23203047
0.23181309
0.23212628
0.23358595
0.23120189
0.23266117
0.22968692
0.22990337
0.23019908
0.23051108
0.23104948
0.23046057
0.23003088
0.2257953
0.22829859
0.22743835
