0.5933344
0.5673697
0.5604898
0.55976343
0.56063586
0.5574086
0.55904543
0.5595901
0.55918026
0.557823
0.5582221
0.5569071
0.55836457
0.55980754
0.55893874
0.5572458
0.5575841
0.5572211
0.5589341
0.55772984
0.55689764
0.5567727
0.5576816
0.55825317
0.5585974
0.56007326
0.5563313
0.55782294
0.5587425
0.55635417
0.55881834
0.5581024
0.55787444
0.55628026
0.5576768
0.5575682
0.5572756
0.55777264
0.5594559
0.555097
0.5583896
0.55543745
0.55725414
0.556054
0.5601411
0.5586152
0.5562773
0.55788565
0.55515516
0.5592154
0.5595348
0.5576958
0.5546248
0.5571691
0.5574672
0.5552896
0.5576946
0.55698687
0.5577547
0.5577145
0.5567366
0.5575711
0.5580514
0.5551683
0.5568284
0.55667967
0.5569344
0.5572805
0.55829346
0.55608183
0.55828255
0.5585166
0.55728894
0.5559361
0.55362976
0.5552536
0.557385
0.55790573
0.5575702
0.55593705
0.55604494
0.5569622
0.5557255
0.5559288
0.5572711
0.5578549
0.5548694
0.5551119
0.55602676
0.55488276
0.5561303
0.5558178
0.5548151
0.5538098
0.5536536
0.5560956
0.5549167
0.55357754
0.55362976
0.553511
0.55506545
0.55346745
0.5525731
0.5538495
0.5516296
0.5519074
0.5510212
0.5515833
0.5524441
0.5535545
0.5513085
0.549517
0.54786134
0.5481164
0.549348
0.5450191
0.5470484
0.54715526
0.54766613
0.5475165
0.54076636
0.54450047
0.54469764
0.5436787
0.5451141
0.53700304
