0.0
0.0
0.0
0.0
0.0
0.0
0.0
0.0
0.0
0.0
0.0
0.0
0.0
0.0
0.0
0.0
0.0
0.0
0.0
0.0
0.0
0.0
0.0
0.0
0.0
0.0
0.0
0.0
0.0
0.0
0.0
0.0
0.0
0.0
0.0
0.0
0.0
0.0
0.0
0.0
0.0
0.0
0.0
0.0
0.0
0.0
0.0
0.0
0.0
0.0
0.0
0.0
0.0
0.0
0.0
0.0
0.0
0.0
0.0
0.0
0.0
0.0
0.0
0.61642164
0.2437597
0.24996215
0.2511386
0.24701332
0.2470395
0.24747258
0.24424738
0.24056095
0.23913707
0.23544277
0.23272754
0.23083258
0.22617471
0.22174478
0.21777397
0.21288255
0.21115845
0.208929
0.20385124
0.19983663
0.29026386
0.2807357
0.27544808
0.27281928
0.26567796
0.26294252
0.25866187
0.25630388
0.25308624
0.2500598
0.25153524
0.24786144
0.24459068
0.2437982
0.24249746
0.2427427
0.24086884
0.238724
0.23834163
0.23844428
0.2370644
0.30628708
0.30472466
0.30138782
0.3003088
0.3009625
0.29955903
0.2982618
0.2949931
0.29616702
0.2936788
0.29235572
0.29066533
0.289782
0.28920028
0.2878126
0.28599194
0.28432733
0.2825676
0.28105804
0.27939382
0.279258
0.330303
0.32499152
0.323028
0.32308394
0.31862122
0.31745547
0.3159088
0.31552488
0.31567383
0.31307662
0.314151
0.30985785
0.3122582
0.3112181
0.31218308
0.3107583
0.30925724
0.3097019
0.30915043
0.3088326
0.30970472
0.35776946
0.35191455
0.3530094
0.35218546
0.35129875
0.3500974
0.34952632
0.3483188
0.34949726
0.34711373
0.34803948
0.34394753
0.34533972
0.34488362
0.34525812
0.34243378
0.34040216
0.33991155
0.33954275
0.33837545
0.34108248
0.37983054
0.3751398
0.37376097
0.37430343
0.37060803
0.37170026
0.37092504
0.37116626
0.37370893
0.3725368
0.370873
0.37135667
0.37257114
0.37023023
0.37097692
0.37084877
0.3701136
0.36990523
0.37057263
0.37099332
0.37027586
0.40816668
0.40536535
0.40447053
0.40502903
0.40402567
0.40176824
0.4025363
0.4043419
0.40286347
0.40208665
0.40190247
0.40380862
0.40274027
0.40328038
0.4029531
0.4028753
0.4042859
0.40223286
0.40530422
0.40512478
0.40238062
0.43673766
0.4324539
0.43211168
0.43397272
0.43197083
0.43298715
0.43212673
0.4317754
0.43330422
0.4295879
0.42918378
0.4313909
0.42923698
0.43068177
0.4289424
0.42896414
0.43277192
0.43250495
0.42818835
0.4291696
0.4293823
0.45934203
0.45688966
0.4562224
0.45307454
0.45177603
0.45334804
0.4556692
0.4512854
0.45215863
0.4557054
0.4527609
0.45228425
0.45104504
0.44978544
0.4526264
0.45474008
0.45386067
0.45195368
0.44751182
0.450621
0.4503014
0.47604334
0.4696112
0.47477844
0.47223714
0.46881464
0.47154322
0.472228
0.47105116
0.4718419
0.47218862
0.47344372
0.46521506
0.46712926
0.46697032
0.47334924
0.4690572
0.46979553
0.4666367
0.46898422
0.46626875
0.46794474
0.48927054
0.48827478
0.4832263
0.48047563
0.48341456
0.4869101
0.4832067
0.48348853
0.4859766
0.4820495
0.48654312
0.48349726
0.48395646
0.48450944
0.48471385
0.48106915
0.47982073
0.48379803
0.48558605
0.48135975
0.4847135
0.5017872
0.49912286
0.50017947
0.5015335
0.49728385
0.49733758
0.49410328
0.49461272
0.4957534
0.4945043
0.49708357
0.4944521
0.49681628
0.49358115
0.4960315
0.49722454
0.49357334
0.49689656
0.49552318
0.49248683
0.4940941
0.5115277
0.5089537
0.5096534
0.50709623
0.5099114
0.5126681
0.5108214
0.5063307
0.5090056
0.50886816
0.50372654
0.50677663
0.5054342
0.5064618
0.5052497
0.5061507
0.50433385
0.5039019
0.5098804
0.50478166
0.5011691
0.5452522
0.5310783
0.52872634
0.5274111
0.527388
0.5212512
0.5253348
0.52489847
0.52519554
0.52537704
0.5275644
0.5185097
0.5248753
0.5234665
0.5150521
0.5189646
0.5223314
0.5159795
0.52255744
0.5140553
0.5179095
0.5209709
