0.5565177
0.51873606
0.50131273
0.49514484
0.488109
0.49369517
0.4799858
0.47453314
0.47596246
0.4768846
0.47875348
0.47528186
0.46574408
0.46319225
0.46545324
0.45882693
0.45849827
0.45302445
0.45001957
0.4481625
0.44272208
0.4443243
0.4494908
0.44427627
0.4449105
0.44087562
0.43748653
0.44222033
0.44358787
0.44175178
0.43771154
0.43428388
0.4371829
0.42786795
0.43429554
0.43577212
0.43395683
0.42863396
0.43206963
0.4241948
0.43161097
0.42885432
0.43032533
0.42677593
0.4150682
0.4189945
0.41463724
0.4141594
0.41343623
0.40954894
0.41385296
0.40542856
0.4091478
0.40552786
0.40953106
0.40645045
0.40626436
0.39637598
0.4028984
0.4000903
0.39947808
0.4029016
0.40097663
0.49431583
0.4712217
0.46034926
0.45415094
0.45193738
0.4495958
0.45251232
0.4500361
0.43615767
0.44337714
0.4358
0.43320104
0.43582964
0.42832324
0.43207973
0.42662165
0.42884982
0.42569292
0.41990417
0.42193377
0.4210611
0.42770064
0.42692822
0.43154618
0.4305024
0.42824456
0.42647564
0.4229864
0.4209803
0.42522475
0.4288024
0.42378643
0.4181866
0.41608155
0.4165197
0.41517103
0.41569093
0.4177653
0.41659373
0.4161059
0.41570538
0.40920258
0.41597262
0.42478818
0.42045325
0.420683
0.42075342
0.41780797
0.42326024
0.41929525
0.42039898
0.42024654
0.4164623
0.41558355
0.41889906
0.417239
0.41512954
0.41429204
0.4192622
0.41723877
0.41312787
0.41558146
0.41573256
0.41521925
0.4205347
0.4170814
0.42063698
0.4161642
0.42651415
0.41356412
0.41726705
0.4147039
0.41599402
0.41580477
0.4163028
0.41656324
0.41700488
0.40857002
0.41623253
0.41241422
0.41726935
0.41436082
0.41573468
0.4154427
0.42375863
0.41791746
0.42005584
0.41606915
0.4176265
0.4143446
0.41589224
0.41693732
0.4202923
0.4212782
0.41630554
0.4236899
0.41920474
0.4141617
0.4188087
0.41441923
0.42043087
0.40885076
0.41989273
0.41426626
0.41442406
0.4231584
0.42682064
0.421059
0.4221373
0.42336622
0.4193054
0.41501078
0.4226132
0.4263847
0.42250898
0.4173379
0.41830143
0.41589046
0.41586545
0.41211066
0.4199145
0.4137781
0.4185284
0.41548482
0.41625804
0.41887385
0.42076358
0.4234103
0.42244586
0.41997835
0.41852364
0.42446777
0.42481062
0.42260605
0.42409396
0.4187095
0.4209277
0.4188392
0.41816458
0.42103812
0.42381412
0.41673243
0.42578292
0.42455652
0.41685095
0.42962512
0.4183498
0.4226853
0.43019196
0.42847243
0.42338437
0.42601448
0.42410013
0.41990045
0.42482144
0.42306158
0.42504027
0.42911988
0.4294857
0.42437974
0.41981834
0.42491984
0.42209777
0.42703483
0.4244461
0.42580536
0.4252237
0.42699796
0.42711666
0.42772388
0.43283048
0.4308476
0.42543265
0.42521465
0.42488584
0.4281799
0.4249388
0.4333932
0.42973527
0.43111417
0.42474458
0.43188974
0.42791134
0.43110886
0.43351233
0.4235865
0.42959973
0.42823926
0.43137026
0.43102968
0.43197402
0.4297973
0.43139398
0.43193826
0.4309671
0.42840755
0.4271848
0.4313004
0.43142644
0.4353708
0.4320107
0.43889603
0.43002975
0.43277964
0.43476632
0.43337205
0.43045518
0.4313068
0.43764794
0.43699512
0.43439585
0.43813255
0.42824605
0.43848598
0.43652862
0.43761215
0.43535736
0.4400485
0.43558002
0.43124
0.43148482
0.4342007
0.43112212
0.43591502
0.43379745
0.4345335
0.44226226
0.43257433
0.4361338
0.43583524
0.43771288
0.43512014
0.43634763
0.44504
0.44101265
0.43874475
0.43202016
0.43801945
0.4369637
0.43770254
0.4396841
0.4398625
0.4375839
0.4367623
0.43708932
0.4406145
0.4400057
0.4366305
0.44047827
0.43391204
0.4346194
0.4425388
0.44069296
0.43988958
0.44166115
0.43899527
0.44293097
0.44318473
0.43831408
0.43497154
0.44267067
0.44230008
0.44155377
0.44556886
0.43936324
0.4443149
0.44185916
0.44430217
0.4401618
0.43826398
0.44957623
0.4395284
0.44061428
0.44918248
0.44805917
0.4527935
0.45118847
0.4452028
0.44815123
0.44854027
0.45111087
0.45041576
0.4456993
0.45293728
0.44383243
0.4455773
0.44832763
0.44869187
0.44757518
0.4493149
0.44445208
0.44626766
0.44966105
0.45459297
0.44955885
