1.1578122
1.0889025
1.0514172
1.0304588
1.0112302
1.0073135
0.9907609
0.98025864
0.9726586
0.9728623
0.9745933
0.9650667
0.9526257
0.94192046
0.9340893
0.92779565
0.9267793
0.91862077
0.9128062
0.9118733
0.9076117
0.9109776
0.9136027
0.90601695
0.89768684
0.90152067
0.895981
0.8940881
0.89734125
0.89421177
0.8885459
0.88840365
0.8861945
0.8856809
0.8846817
0.8845536
0.8797518
0.8813168
0.8843661
0.8769211
0.8797843
0.88029116
0.8712388
0.8703654
0.85885036
0.86361045
0.8620736
0.8573237
0.85666615
0.8522647
0.85209876
0.84538126
0.8467848
0.84597886
0.84492964
0.84747446
0.84519506
0.83668095
0.83854955
0.83904743
0.8384146
0.8370232
0.8356388
0.9762533
0.9330006
0.910101
0.90700287
0.90238553
0.89606845
0.8918135
0.88800347
0.88198805
0.887375
0.87921256
0.87830424
0.8768101
0.86406976
0.8706675
0.8678273
0.86136186
0.86080915
0.858773
0.85879695
0.8570042
0.86888254
0.8686258
0.86452377
0.86158586
0.86562884
0.8608001
0.8594656
0.8575581
0.8597187
0.85778797
0.8555693
0.85509247
0.85324895
0.85122615
0.8487917
0.8477855
0.8479968
0.85116476
0.8449107
0.85066026
0.8448905
0.8561709
0.85610825
0.85771984
0.8537399
0.85359174
0.8464651
0.85348916
0.8437842
0.84760094
0.8501062
0.8512654
0.84466916
0.8521419
0.8465666
0.84857047
0.8449037
0.8507965
0.8487442
0.84616303
0.8470375
0.8425632
0.8471002
0.85897356
0.8527381
0.8515969
0.8493766
0.8498777
0.8452854
0.84563136
0.8466044
0.84348536
0.8425485
0.84668803
0.84561443
0.8450099
0.8401013
0.84620064
0.8450368
0.845823
0.8454245
0.8413099
0.8439323
0.8493906
0.84899044
0.85091937
0.84907883
0.8457085
0.84646946
0.84519213
0.8486573
0.84863555
0.84695536
0.8497527
0.84814113
0.8482245
0.84724516
0.8500935
0.8448725
0.8449458
0.8387345
0.8473058
0.84309983
0.8442646
0.8483889
0.8587706
0.8526574
0.85197467
0.8540436
0.8512113
0.84895754
0.84725577
0.84853643
0.84955835
0.84642786
0.8476087
0.84496486
0.848876
0.84236425
0.84863615
0.8413403
0.84869075
0.8495936
0.84491277
0.84909296
0.8492858
0.85007316
0.85280305
0.85017604
0.8520082
0.8555845
0.85431886
0.852583
0.85310006
0.84806764
0.85141134
0.8508457
0.852317
0.84661144
0.85203326
0.8494624
0.85072607
0.8477559
0.85000896
0.85979754
0.85190153
0.8532763
0.85763323
0.8584337
0.8534634
0.853989
0.8538146
0.8505868
0.8577805
0.85448265
0.85653806
0.85490084
0.8593971
0.85578364
0.8517896
0.85926855
0.85248476
0.8555774
0.8558414
0.85844964
0.85502934
0.8581269
0.8566277
0.85918975
0.8614905
0.86507916
0.8594221
0.85877717
0.85516393
0.8606063
0.860699
0.860622
0.86202824
0.8633175
0.8613473
0.85891676
0.8600039
0.85959876
0.85724694
0.86102796
0.8600387
0.86388934
0.8606323
0.8651589
0.8653366
0.86175936
0.8641231
0.86345595
0.86768
0.8600014
0.8620933
0.8673109
0.86623454
0.86709553
0.8620375
0.8663237
0.8692773
0.8646822
0.8654419
0.8646437
0.8670014
0.8606505
0.8665902
0.8686589
0.8694662
0.8722947
0.86763394
0.8729709
0.86917907
0.8724218
0.86957496
0.87151265
0.87002873
0.87200654
0.86652
0.86746687
0.8674368
0.8691118
0.8674795
0.87230146
0.87249285
0.86903423
0.8683488
0.86970943
0.86675316
0.87579477
0.8713645
0.8764219
0.8731632
0.8720357
0.87383765
0.8719367
0.8756631
0.8737123
0.8766501
0.8714685
0.87276447
0.87198216
0.87112534
0.8745753
0.8759398
0.8771988
0.8739181
0.8663757
0.87514716
0.8778515
0.8778306
0.87734956
0.8773084
0.87559193
0.8779304
0.8772433
0.87550515
0.8753349
0.87871534
0.87734514
0.87976134
0.88308185
0.87950724
0.8803267
0.8783662
0.8806833
0.8792611
0.8765548
0.8827126
0.87834907
0.8817502
0.88659996
0.8895943
0.8888741
0.89019483
0.88164437
0.8900526
0.89141536
0.893163
0.88952994
0.89091015
0.8895879
0.8910401
0.8881573
0.8870603
0.8926719
0.89204913
0.8918357
0.89144236
0.8914009
0.89313805
0.8933868
0.88976777
