0.13716805
0.13882272
0.17341562
0.23425396
0.29595196
0.30306146
0.3269924
0.3307292
0.32809114
0.38812035
0.38055927
0.3726432
0.42750093
0.4396802
0.39771524
0.38464355
0.43709445
0.43074742
0.40781498
0.394787
0.42131022
0.41064617
0.38532
0.3957364
0.42158836
0.4577532
0.41866925
0.43071523
0.44702
0.48412392
0.48783082
0.4949491
0.48412287
0.5029194
0.48586163
0.51377064
0.5304346
0.5642174
0.60990876
0.55184084
0.58087593
0.5813817
0.6060734
0.58804774
0.58434296
0.59628785
0.59309185
0.65277696
0.6980002
0.63147503
0.69522536
0.6643275
0.71147496
0.67354244
0.7151453
0.7249187
0.75354445
0.7452139
0.72207433
0.7092551
0.7566749
0.7089879
0.73154336
0.016348504
0.0032276865
-0.0022417535
-0.0016364342
-0.0011246619
-0.0050524557
-0.004807685
-0.005835725
-0.0038216026
-0.0042584958
-0.0032358654
-0.0038795888
-0.0023224656
-0.0023387005
-0.00025458296
-0.0017626288
0.0005606156
0.0017829301
0.002056264
0.0027655414
0.0035905333
0.005272754
0.0036464569
0.004593715
0.006120404
0.006059832
0.0058425544
0.006206033
0.004950329
0.006038206
0.0067175976
0.006110104
0.006920687
0.0064980653
0.006284752
0.00730585
0.006475357
0.008437329
0.0070411246
0.007391301
0.006724155
0.007668108
0.0059878207
0.0078063896
0.0066916286
0.0056951474
0.0059998524
0.006826085
0.0065394826
0.006573619
0.0058840946
0.0064925305
0.0061698887
0.0065439898
0.005471476
0.00620605
0.0060430076
0.0059148977
0.0053285244
0.0050691427
0.0046807444
0.004779399
0.0048939902
0.0044003814
0.0033800867
0.0038156682
0.0032155036
0.003656615
0.0033561746
0.0038213586
0.003072412
0.0030434362
0.0033318365
0.003261735
0.0033056908
0.002938702
0.002186745
0.0035463748
0.0034725803
0.003181889
0.002818517
0.0035831667
0.0026650103
0.0031956153
0.0024965685
0.002799345
0.002380526
0.0025096138
0.0019264224
0.0023473967
0.0014874049
0.0024532664
0.0020724281
0.0024039964
0.0019914287
0.0021875734
0.0026286226
0.0023551143
0.0027189972
0.0018080663
0.0022838793
0.0015745029
0.0025334884
0.002047945
0.0029331967
0.0015306302
0.001983483
0.0020173984
0.0013541752
0.0023705084
0.001816864
0.0010280651
0.0013471795
0.0016426753
0.0023471029
0.0017901
0.0014995993
0.0016730463
0.001816276
0.0023677424
0.0016541913
0.0020686854
0.0018596237
0.0011727216
0.0020574923
0.0015702407
0.0021533826
0.0021723164
0.00092531496
0.001207732
0.0016705202
0.0012706217
0.0012689537
0.0016248298
0.0006724596
0.0019950483
0.0010157715
0.001367534
0.0010653591
0.0015135346
0.001296497
0.00132846
0.0010455941
0.0018179005
0.0010798556
0.00201268
0.0014696122
0.0012663503
0.0015471077
0.0016788875
0.0015799784
0.0012353174
0.0014474062
0.0014052752
0.0011577778
0.0009760306
0.00063780317
0.0017224335
0.0014233851
0.0009321276
0.0008246084
0.00131655
0.0016170194
0.0017277228
0.0008859064
0.0012154861
0.0012108699
0.00068283296
0.00100062
0.0016922174
0.0016925287
0.0011846556
0.0008459595
0.0009676372
0.00085696497
0.0014745981
0.0006836626
0.0009968791
0.0012503912
0.0010828925
0.0010872831
0.0015079536
0.001220405
0.00080715155
0.0018272377
0.00016496096
0.0017145773
0.00040100768
0.0010541276
0.00066420884
0.0013989821
0.00055636384
0.0011282349
0.00106166
0.0009896313
0.0007199518
0.001148043
0.0007620975
0.0008354263
0.0005391419
0.0013892556
0.00072221516
0.0008496129
0.0005494995
0.0012009233
0.00087783765
0.0012792441
0.0005918837
0.0011560292
0.0009937995
0.001306061
0.0007989987
0.0014742722
0.0010034782
0.00070762663
0.0007534992
0.0008265856
0.0010774079
-7.4283234e-5
0.0011314123
0.00091016816
0.0006960225
0.00042039747
0.00084275345
0.0006773104
0.0007552724
0.00074250496
0.00078026636
0.00015281209
0.001338025
0.0010795386
0.0008476516
0.00030743887
0.0007754852
0.00068814127
0.0010531814
0.00077667437
0.00027694332
0.0006790044
0.00095085055
0.0008050517
0.00020355817
0.0012541973
0.0003664543
0.0007296443
0.00026717858
0.00018371649
0.00050749915
0.0004201198
0.00029829115
0.0011337183
0.0007009951
0.00019167922
0.0007101269
0.00058634015
0.0006217654
0.00025389437
0.0010021315
0.0005612975
0.00091711985
0.0006228153
0.00044185936
0.0012297216
0.00015156914
0.0004485263
0.000615301
0.00018848138
0.0002876691
0.0005289185
0.0006674706
0.0007614894
0.0001591134
0.0005540708
0.0009394849
0.00061355485
0.0002993422
0.0005916207
0.00026937173
0.00012727617
0.0004049349
0.00033097618
0.00046406363
0.00038539903
0.0009272297
0.00012792261
0.000389119
0.00046845333
0.00040959322
0.00045158347
0.000263671
0.00089278776
0.00030177724
0.00061233086
0.00086164585
0.0003217034
