-1.9978542
-4.0239053
-5.388352
-6.444797
-7.5210333
-8.365696
-9.345514
-10.07814
-10.734979
-11.792382
-12.735965
-13.366552
-14.344826
-15.336994
-15.744239
-16.094418
-16.63824
-17.330519
-17.935387
-18.590525
-19.321226
-20.81752
-21.056757
-21.287376
-22.099888
-22.419836
-22.881157
-23.980385
-24.72915
-25.525053
-25.76452
-26.141653
-26.779936
-27.918276
-28.564196
-28.570723
-29.298456
-30.502487
-31.02599
-31.549263
-32.411545
-33.741085
-34.548447
-34.327583
-34.651833
-35.064255
-35.633244
-36.352455
-37.299606
-37.393406
-38.051315
-38.674435
-39.092575
-40.324703
-40.264717
-40.684555
-41.3042
-41.8374
-41.902195
-42.075485
-42.75447
-43.295635
-43.852833
-0.9041177
-0.8526688
-0.91063845
-0.93957514
-0.9337078
-0.943378
-0.9578707
-0.9532353
-0.94181645
-0.9385513
-0.9244764
-0.9268131
-0.91111225
-0.90245473
-0.8844003
-0.8710743
-0.8514855
-0.84492743
-0.8412449
-0.8219879
-0.803408
-0.5857476
-0.5740217
-0.56102264
-0.5535412
-0.5407358
-0.5347361
-0.52663773
-0.52331054
-0.5162365
-0.51064837
-0.511551
-0.50542825
-0.49983934
-0.4976707
-0.49284157
-0.4976434
-0.4915103
-0.48737073
-0.4867869
-0.48499003
-0.48499653
-0.41818258
-0.4164761
-0.413382
-0.41020876
-0.41216615
-0.4098127
-0.40946278
-0.4050958
-0.40400857
-0.4035643
-0.40176874
-0.39714542
-0.39745826
-0.39706796
-0.39489347
-0.3924049
-0.38969204
-0.3893015
-0.3853224
-0.38414437
-0.38266125
-0.34134656
-0.3359027
-0.33384302
-0.33201805
-0.3307213
-0.32672557
-0.32560477
-0.32430667
-0.32585418
-0.32288212
-0.32311842
-0.3189963
-0.3222838
-0.320641
-0.32122517
-0.3208925
-0.31909806
-0.31877795
-0.31865445
-0.3172752
-0.32024947
-0.29393312
-0.29046226
-0.2907006
-0.29001486
-0.28949842
-0.2900843
-0.2883528
-0.28735268
-0.2872582
-0.28658843
-0.28739822
-0.2834633
-0.2850509
-0.28507254
-0.28417277
-0.2826827
-0.28117827
-0.28049192
-0.28011474
-0.2794219
-0.2820261
-0.2611868
-0.25791955
-0.2569537
-0.25641286
-0.25549403
-0.255626
-0.25527024
-0.25493905
-0.2574988
-0.25611845
-0.25577152
-0.255417
-0.2564737
-0.25412256
-0.25568128
-0.25472435
-0.25478643
-0.254539
-0.2554633
-0.25503337
-0.25495446
-0.24118581
-0.23925619
-0.23872091
-0.23890005
-0.2378942
-0.23707172
-0.23768908
-0.23753977
-0.23782286
-0.23755254
-0.23818171
-0.23784164
-0.23750459
-0.2377165
-0.23792702
-0.23776773
-0.23866546
-0.2377448
-0.2388615
-0.23927316
-0.23739049
-0.22631055
-0.2230296
-0.22313266
-0.22452496
-0.2238709
-0.223453
-0.22345658
-0.22354616
-0.2236102
-0.22210039
-0.2213361
-0.2226755
-0.22088374
-0.22233887
-0.22197364
-0.22132844
-0.22313038
-0.22282647
-0.22125332
-0.22166537
-0.22126621
-0.21190278
-0.2103094
-0.2098806
-0.20881076
-0.20729366
-0.20832816
-0.20889078
-0.20727037
-0.20838691
-0.20882377
-0.2080702
-0.20716867
-0.20750433
-0.20678744
-0.2081142
-0.20843935
-0.20859934
-0.20735109
-0.20589624
-0.20708333
-0.20702642
-0.19699344
-0.19484243
-0.19639796
-0.19542812
-0.19421971
-0.19455083
-0.1951605
-0.1951127
-0.19522758
-0.1953343
-0.19588894
-0.1929772
-0.19356023
-0.19312541
-0.19545096
-0.19452623
-0.19480523
-0.19350666
-0.19346975
-0.19284964
-0.19358951
-0.18433215
-0.18382636
-0.18181564
-0.18099092
-0.18187927
-0.18338373
-0.18187603
-0.18158981
-0.1829586
-0.18162699
-0.1829308
-0.18216595
-0.18160115
-0.18216643
-0.18203942
-0.18090548
-0.18070272
-0.18192993
-0.18189886
-0.18155299
-0.18194157
-0.17330351
-0.17264351
-0.17244384
-0.17296891
-0.17135476
-0.17195171
-0.17063542
-0.17030196
-0.17085586
-0.17109895
-0.1713692
-0.17080595
-0.17139402
-0.17004395
-0.17110291
-0.17156117
-0.17018418
-0.17096177
-0.1706616
-0.17003654
-0.17060335
-0.16293837
-0.16218658
-0.16222295
-0.1617854
-0.16213824
-0.16290684
-0.1623342
-0.16178755
-0.16251941
-0.16202384
-0.16068994
-0.16071011
-0.16096477
-0.16112055
-0.16093306
-0.16148275
-0.1607707
-0.16044813
-0.16249287
-0.16055623
-0.15926203
-0.15122183
-0.1470251
-0.14582834
-0.1453649
-0.14585729
-0.14377481
-0.14467132
-0.1451233
-0.1448536
-0.14523652
-0.14548035
-0.14356959
-0.14508386
-0.14457992
-0.14233552
-0.1433492
-0.14385499
-0.14288694
-0.14422776
-0.14213906
-0.1425973
-0.14364292
