1.6825397
1.2258804
1.1079601
1.0189493
0.950756
0.9303482
0.8946989
0.87339705
0.8525625
0.8584714
0.85517067
0.8371901
0.7901326
0.7575388
0.74409664
0.7361444
0.7201595
0.7078444
0.69672257
0.6896012
0.6881003
0.6829836
0.6807612
0.6554878
0.6386134
0.6480992
0.6368271
0.63408697
0.6312528
0.6292434
0.6161099
0.61594987
0.6080661
0.606882
0.6045691
0.61154246
0.5948919
0.5950827
0.60089636
0.5862846
0.5883774
0.58603513
0.5587916
0.55097514
0.52371305
0.5285721
0.5134999
0.50847125
0.50687337
0.50456315
0.50536925
0.48921287
0.49365637
0.4931513
0.49082875
0.494218
0.49099377
0.4789002
0.47800317
0.47725984
0.47517547
0.47636336
0.4670026
0.96606475
0.77411515
0.71723235
0.6832801
0.669248
0.6511461
0.6402781
0.62216383
0.6017115
0.605791
0.59445333
0.58160186
0.5820127
0.55386674
0.557862
0.5514489
0.5424397
0.5359277
0.5290712
0.52415663
0.52441573
0.5578981
0.5611158
0.54934156
0.5453341
0.5483525
0.537923
0.53513217
0.53524345
0.5283399
0.5250683
0.519221
0.5167458
0.5100122
0.5139559
0.5050881
0.50144905
0.5028893
0.50236166
0.49756715
0.49634102
0.49116504
0.5236119
0.52354825
0.5217071
0.5232206
0.5164497
0.50844324
0.5171962
0.5059685
0.50591916
0.507815
0.5018404
0.49903646
0.5076725
0.5007196
0.5043193
0.49466884
0.50483096
0.5010217
0.49674958
0.4952513
0.49443623
0.5085161
0.5225578
0.5109357
0.50889
0.5050555
0.51087606
0.50094026
0.50356096
0.5005742
0.49886343
0.49488017
0.50271034
0.49821693
0.5009007
0.48752782
0.49850368
0.4951261
0.50182456
0.49524897
0.4901314
0.4969397
0.5109943
0.50900775
0.5160714
0.51471156
0.5058953
0.5068438
0.50534654
0.509858
0.512077
0.50958526
0.5081362
0.5133924
0.5105174
0.5051771
0.5078223
0.5046608
0.50664407
0.4989678
0.51107067
0.5044183
0.4999176
0.523331
0.52935654
0.5209931
0.51514333
0.5226655
0.51868594
0.5165972
0.51324713
0.5177991
0.51535565
0.51200014
0.51100445
0.50752413
0.5175161
0.5027982
0.51436645
0.5050402
0.5124206
0.51418865
0.51093304
0.51182735
0.52398986
0.5248948
0.5261199
0.52334005
0.5245587
0.52675056
0.5273364
0.5253123
0.52892256
0.52107835
0.52572155
0.5248048
0.5251784
0.5180668
0.52532256
0.5204788
0.52752507
0.52004325
0.5217208
0.5336582
0.52527076
0.53692466
0.5439305
0.54207194
0.53866726
0.53454953
0.53979653
0.5277285
0.5453373
0.5372526
0.5399652
0.54004294
0.5477039
0.5420766
0.53745484
0.54354465
0.53619236
0.5412192
0.5384238
0.5439292
0.54052997
0.5398026
0.5556161
0.55803114
0.55293506
0.55859244
0.55367446
0.55597264
0.55244815
0.5552855
0.556965
0.56017375
0.5580563
0.55577004
0.55516016
0.5602269
0.5555297
0.55232227
0.55729276
0.55740666
0.551079
0.564955
0.55318946
0.5763687
0.5706793
0.5717236
0.5695556
0.5708964
0.5757111
0.57017624
0.5725937
0.5738208
0.57425576
0.57658523
0.5697963
0.5794758
0.57990015
0.5742553
0.577076
0.5704643
0.5734859
0.5670032
0.5769724
0.5790239
0.59162873
0.59234023
0.5887666
0.59268856
0.59150624
0.5919749
0.58852524
0.592295
0.5908756
0.59015423
0.5859676
0.5900086
0.58897305
0.59405786
0.58925265
0.597663
0.596607
0.5869465
0.59156376
0.5915105
0.59602153
0.6069639
0.6051371
0.61376786
0.6076991
0.606692
0.60831153
0.60777694
0.6108131
0.61128974
0.6128754
0.6044454
0.606622
0.6061452
0.60668576
0.61275417
0.60970867
0.6108438
0.6141423
0.6030252
0.60746926
0.61130476
0.6231615
0.6250423
0.62708485
0.6257547
0.6294312
0.62893844
0.6228952
0.6169128
0.62660116
0.62551415
0.62733006
0.636201
0.62630993
0.629321
0.6329579
0.63161135
0.6250802
0.6252769
0.63108283
0.62610996
0.6323824
0.65471274
0.6657758
0.6669879
0.6643142
0.65866345
0.6667158
0.6706819
0.6760544
0.66643715
0.6724675
0.667828
0.6694071
0.668354
0.6655377
0.6735688
0.6747609
0.6728485
0.67193246
0.67523015
0.6741538
0.6790675
0.6691138
