3.396871
2.8335192
2.660691
2.544554
2.4500933
2.4313564
2.365448
2.328188
2.3011842
2.3082182
2.3085184
2.2775376
2.2085028
2.162651
2.1436415
2.1227677
2.105436
2.0794883
2.0595489
2.0496376
2.0384355
2.0382855
2.0438552
2.0057826
1.9812106
1.9904945
1.9702953
1.9703956
1.972183
1.9652086
1.9423685
1.938639
1.9314455
1.9204297
1.9235477
1.931866
1.9086012
1.9050333
1.9173313
1.8874012
1.8997719
1.8951784
1.8603556
1.8481157
1.7976335
1.8111765
1.7902097
1.7799541
1.7769771
1.7663772
1.7713202
1.7400234
1.7495896
1.744658
1.7452873
1.7481437
1.7424542
1.7119567
1.7194499
1.7163968
1.7130677
1.7162884
1.7036175
2.4366329
2.178337
2.0876844
2.044433
2.0235708
1.9968113
1.9846045
1.9602051
1.9198557
1.9365427
1.909466
1.893107
1.8946517
1.8462594
1.8606094
1.8458962
1.83265
1.8224314
1.8077475
1.8048855
1.802481
1.8544799
1.8566711
1.8454127
1.8374228
1.8422267
1.8251987
1.8175843
1.8137804
1.8132848
1.8116586
1.798576
1.7900236
1.7793413
1.781702
1.7690514
1.764924
1.7686522
1.7701197
1.7585838
1.7627062
1.7452577
1.7957569
1.8044456
1.7998782
1.7976445
1.7907954
1.7727169
1.7939466
1.7690485
1.7739189
1.7781686
1.7695674
1.7592897
1.7787149
1.7645236
1.7680187
1.7538658
1.7748907
1.767006
1.7560397
1.7578688
1.7527316
1.7708356
1.8020656
1.7807561
1.7811228
1.7705971
1.7872678
1.7597896
1.7664601
1.7618823
1.7583437
1.7532332
1.7657019
1.760394
1.7629168
1.7361995
1.7609363
1.752578
1.7649168
1.7550336
1.7471765
1.7563155
1.7841431
1.7759169
1.7870473
1.7798601
1.7692297
1.7676598
1.7664297
1.7754525
1.7810047
1.7778198
1.7741922
1.7852244
1.7779452
1.7665842
1.7767239
1.7639514
1.7720219
1.746553
1.7782689
1.7617835
1.7586056
1.7948794
1.8149476
1.79471
1.7892541
1.8000754
1.7892017
1.7805662
1.7831153
1.7927201
1.7874224
1.7757647
1.7769146
1.7683791
1.7822579
1.7572737
1.7829161
1.7601576
1.7796379
1.7792675
1.7721028
1.7797937
1.7940385
1.7983786
1.80137
1.7934935
1.7950921
1.8068026
1.8064653
1.8005024
1.8061156
1.787855
1.7980603
1.7944897
1.7956585
1.7857162
1.8011702
1.7866737
1.804033
1.7923554
1.7885792
1.82308
1.7955215
1.812885
1.8317566
1.8289791
1.815513
1.8145531
1.8177111
1.7982149
1.8279381
1.8147961
1.8215436
1.8240634
1.8365867
1.8222396
1.8090634
1.8277334
1.8107749
1.8238301
1.8187127
1.8281834
1.8207834
1.8249284
1.8393583
1.8449451
1.8472571
1.8545184
1.8385286
1.8399653
1.8324969
1.8440732
1.8426026
1.8541884
1.84982
1.8502027
1.8412529
1.8510339
1.8434439
1.8430297
1.8480537
1.8420204
1.8407166
1.8570825
1.8451924
1.8725575
1.8679905
1.8632814
1.865072
1.8662894
1.8743569
1.8585856
1.8618745
1.8724318
1.8719163
1.8790504
1.863845
1.8846971
1.8792082
1.8717171
1.8772842
1.8684801
1.8709426
1.8589599
1.8812109
1.8846788
1.8954929
1.9027673
1.8846465
1.9041457
1.8972138
1.9020079
1.8934586
1.9038547
1.8964852
1.8933992
1.8839706
1.8916745
1.8875325
1.8990836
1.8905295
1.9044983
1.9113616
1.8885545
1.8960463
1.8970542
1.9004868
1.9178789
1.9128482
1.9352305
1.9218758
1.9174724
1.9141687
1.9177334
1.9234406
1.9227058
1.9292095
1.9157765
1.9169708
1.9148887
1.9148996
1.9279432
1.9256558
1.9246718
1.928538
1.903314
1.9172362
1.9316944
1.9416835
1.9422817
1.9460552
1.9403414
1.9502913
1.9493679
1.9367148
1.9272215
1.9479874
1.9451596
1.9486457
1.96485
1.9451827
1.9539615
1.9531827
1.9565958
1.9445031
1.9400952
1.9633714
1.9439859
1.9547461
1.9904951
2.0034277
2.0086553
2.0056982
1.985511
2.0049195
2.0106382
2.0203283
2.006383
2.0090764
2.0103521
2.0042808
2.002089
2.0009253
2.0149348
2.014383
2.013999
2.007827
2.0128982
2.016952
2.0270472
2.0084407
