4.595864
7.6530304
11.739962
14.301726
16.354603
18.729319
20.90759
21.696386
23.233784
28.566196
30.816307
31.22501
34.048542
39.213
40.229218
41.721073
42.256035
46.00359
47.72536
51.633507
58.93636
69.42392
71.18303
75.27556
83.923065
87.96188
90.66016
97.337456
99.85434
107.32189
109.17946
119.093285
123.16649
130.43692
139.32254
148.85258
155.12317
158.37985
169.12271
170.13245
174.91766
180.46658
182.35466
173.48874
173.88802
176.71703
175.33563
175.4421
192.2612
205.21758
206.01285
209.43324
209.80423
213.79855
211.6718
213.0259
212.58836
211.2293
213.94397
212.45123
214.91954
217.3892
228.35167
1.0951571
0.23150441
0.28655082
0.361407
0.40799102
0.47957465
0.5649678
0.6393711
0.72224814
0.81202763
0.8826582
0.9645127
1.0423826
1.1313368
1.186085
1.2633611
1.3189421
1.3925391
1.4771023
1.5191591
1.5448326
1.1314274
1.1475313
1.1664757
1.2073205
1.194811
1.234928
1.2634065
1.2832601
1.2924668
1.3123586
1.3579122
1.3747311
1.3724029
1.3806033
1.4035542
1.4301585
1.4340101
1.429328
1.4502944
1.4572998
1.4666054
1.1982824
1.2084869
1.2037003
1.2001295
1.2149516
1.2351018
1.2372382
1.217501
1.2352139
1.2404869
1.2475442
1.2479005
1.2493497
1.2532948
1.2402986
1.2374364
1.23043
1.2292522
1.2247884
1.2350959
1.2341533
1.0599436
1.0454763
1.0550588
1.0587784
1.0543766
1.0465207
1.0498406
1.0567663
1.062942
1.0609777
1.0650755
1.0469064
1.0746847
1.0685761
1.0849789
1.0791291
1.0716679
1.0723459
1.0840849
1.0737785
1.0947429
0.9652088
0.95953
0.95814997
0.9593813
0.9662725
0.96847713
0.95653445
0.95230705
0.9614976
0.9610433
0.9691496
0.94403166
0.95449466
0.9617106
0.95998394
0.95122725
0.9492435
0.94911826
0.9534869
0.9515693
0.97560936
0.8815878
0.86853707
0.8702534
0.86970216
0.8700629
0.8791517
0.8802841
0.8807678
0.88924724
0.89249223
0.8885136
0.8927976
0.8965181
0.8843461
0.89165163
0.8877819
0.89072955
0.88954157
0.88842595
0.8944755
0.89068353
0.8293573
0.81482714
0.81700796
0.8212873
0.81411296
0.809339
0.8115277
0.81484777
0.8162875
0.82280767
0.82141936
0.8149951
0.8199809
0.8197834
0.8220928
0.8219321
0.82571447
0.82399786
0.8278584
0.83241713
0.82241786
0.76825625
0.7506759
0.75458723
0.76559776
0.7565046
0.7557648
0.76570904
0.760352
0.76261246
0.7534944
0.75257766
0.7559715
0.746471
0.7533571
0.75124574
0.7586685
0.76299125
0.762894
0.7546593
0.7506548
0.755612
0.70746565
0.70109665
0.70390487
0.6975881
0.69003063
0.6964474
0.69562465
0.6926446
0.6978095
0.69378734
0.69583493
0.694637
0.6973073
0.69260293
0.6970697
0.6970056
0.6996344
0.6931099
0.6904019
0.6926108
0.6977335
0.65325475
0.64012426
0.6469314
0.6447895
0.6380009
0.63424325
0.6419632
0.64334863
0.64548844
0.6462359
0.64854914
0.6366078
0.6360397
0.63534695
0.64755785
0.6464122
0.6474894
0.64037067
0.641992
0.631183
0.638798
0.59729916
0.5981965
0.5893121
0.5875488
0.58824
0.59346694
0.5909436
0.59226704
0.5973021
0.59117484
0.6025555
0.59266144
0.5966741
0.597414
0.59467614
0.59017986
0.58943546
0.5943275
0.59792095
0.59535366
0.6010242
0.55918217
0.5595723
0.5612444
0.56304663
0.555693
0.5529627
0.54893637
0.5446058
0.5547735
0.5521941
0.5579749
0.5518208
0.55884904
0.5511274
0.5585486
0.5610142
0.55326277
0.555143
0.5530077
0.5585524
0.55617344
0.51923907
0.5182125
0.5163953
0.51942
0.5168355
0.5251769
0.5225844
0.5282505
0.52256835
0.52177656
0.51478595
0.51522267
0.5160938
0.5225783
0.5206229
0.5217581
0.52223426
0.51986486
0.5236212
0.5150262
0.51254755
0.47143772
0.4559511
0.45226473
0.44798163
0.4515265
0.4435591
0.4511562
0.45180175
0.4507253
0.45436558
0.45422933
0.44624874
0.45410925
0.44955373
0.44070223
0.44182283
0.4499364
0.44699824
0.4525891
0.4404075
0.4460664
0.45069364
