15.968237
23.139112
32.83058
40.977325
44.500854
47.419178
48.97254
53.503548
58.551483
67.3659
74.4858
79.97097
80.66841
90.3154
94.82488
99.23521
100.52463
104.12649
107.61736
113.93159
120.28156
131.42198
134.5766
136.25012
146.40724
150.66167
155.0904
163.05243
171.69186
181.88701
186.67462
189.1291
190.08945
202.30173
211.19533
215.49876
219.85313
229.95058
235.3092
241.47786
254.96274
250.53912
261.61462
259.08636
255.67331
259.86838
262.71902
266.7034
270.19296
276.80942
285.36664
289.3543
294.47055
302.8559
302.5292
304.893
308.86017
317.47455
320.93982
323.1437
328.52985
330.76956
336.8288
2.0901313
0.6870606
0.6718498
0.6482422
0.6274328
0.6102346
0.59210706
0.5708474
0.5488633
0.53226644
0.5158301
0.49407047
0.48471454
0.4599975
0.4453053
0.42788497
0.41217196
0.4011658
0.3871119
0.37300885
0.36388728
0.2708397
0.25674728
0.24894442
0.24417944
0.23681343
0.22990356
0.22215804
0.21814418
0.2130361
0.20825194
0.20723352
0.20019779
0.19602752
0.19471681
0.1913807
0.18842979
0.18653218
0.18367396
0.1814469
0.1817875
0.17792144
0.15563904
0.15370233
0.15082254
0.15122983
0.15049647
0.14765064
0.14593963
0.14520524
0.1460085
0.14247327
0.14089939
0.13998163
0.13880445
0.13782963
0.13799793
0.13665752
0.1361533
0.13395606
0.13422424
0.13201758
0.13304903
0.1195157
0.11824238
0.116781384
0.11712444
0.113946274
0.11489584
0.1136707
0.11279867
0.11238596
0.11104303
0.11184612
0.11051073
0.109680735
0.10928759
0.109081514
0.108365335
0.107968874
0.10884616
0.107092604
0.1079413
0.10670293
0.10248078
0.09925262
0.100236915
0.0999355
0.09910775
0.09807619
0.09931688
0.09846721
0.09931757
0.097740546
0.09765793
0.09800856
0.097431324
0.09676491
0.09813217
0.09669398
0.09586275
0.09604616
0.0959958
0.09547365
0.09493228
0.09026366
0.08929439
0.08889814
0.089473225
0.0872273
0.08733784
0.086396
0.086671315
0.08683969
0.0861486
0.08524578
0.08548131
0.085254245
0.085639976
0.084926195
0.08535829
0.084831834
0.08469985
0.0846698
0.0846595
0.08420322
0.08041845
0.08060771
0.08025311
0.080228865
0.080331035
0.079954065
0.07985648
0.08068497
0.079979606
0.07898777
0.078523494
0.0804234
0.07940735
0.07977717
0.07925907
0.07945024
0.07951332
0.07853262
0.079769135
0.079170845
0.0790369
0.07587476
0.07616237
0.07550399
0.07524454
0.074903004
0.075742446
0.074816026
0.07510762
0.07560957
0.07472828
0.07486621
0.07532031
0.07576711
0.07537392
0.07462587
0.07430056
0.07553999
0.07517395
0.074374855
0.07494346
0.07489574
0.071263716
0.071417205
0.07140789
0.07077661
0.07127735
0.07122649
0.072017066
0.07079286
0.07070826
0.072295405
0.0710843
0.07122457
0.07036828
0.070443235
0.07090256
0.07164826
0.07100323
0.071092896
0.0698066
0.07076886
0.07037295
0.067622595
0.06705808
0.06814341
0.0676658
0.06705935
0.068327464
0.067747556
0.06733374
0.06746047
0.067493536
0.06768596
0.066384174
0.066964686
0.067078695
0.06797813
0.0665895
0.06685676
0.06639962
0.06743653
0.06723516
0.066927165
0.064501405
0.06429416
0.063944966
0.06337252
0.064267725
0.06447302
0.06394029
0.0640902
0.06426792
0.06359224
0.0640086
0.06390185
0.064003475
0.063938245
0.06434343
0.06356295
0.06337534
0.063966334
0.064426854
0.06300897
0.06394011
0.061315842
0.060699325
0.061022114
0.06122875
0.06090949
0.06077722
0.060514517
0.061135046
0.060668394
0.06037293
0.060764547
0.060422566
0.060628124
0.060541548
0.06045596
0.06041328
0.06046216
0.06101824
0.06083371
0.05965404
0.060154796
0.058442976
0.058145277
0.058321543
0.05757079
0.058589432
0.05842591
0.0584178
0.056528278
0.05747767
0.057753667
0.05721421
0.05811257
0.057608284
0.057503525
0.0572962
0.057245094
0.057088085
0.056885615
0.057755817
0.057480942
0.057203904
0.054109953
0.05346606
0.053480912
0.0534656
0.053094428
0.052884147
0.053023912
0.05281136
0.05293933
0.052584212
0.053092506
0.051894117
0.05243425
0.052796967
0.051863823
0.0525673
0.05262077
0.051568963
0.05225469
0.051565643
0.05210151
0.052255236
