0.6301197
0.59748894
0.59244
0.59086347
0.59016085
0.58976495
0.5873786
0.5890422
0.5896994
0.59066343
0.58728564
0.5916881
0.5899943
0.5871825
0.588064
0.5873317
0.58865935
0.59016955
0.5901484
0.5882524
0.5886432
0.5872628
0.59048647
0.5883666
0.58813083
0.5870558
0.58781135
0.5896208
0.58539885
0.5895884
0.58581287
0.58831906
0.5888274
0.5880552
0.5882632
0.5893507
0.58676434
0.584538
0.58786106
0.58768106
0.58774257
0.58956796
0.585769
0.586782
0.5876655
0.5882624
0.585597
0.59019923
0.58591944
0.58626443
0.58661795
0.5860109
0.5872229
0.5863325
0.58779436
0.5843621
0.587994
0.5866898
0.58411986
0.5884922
0.5862452
0.5862034
0.58421385
0.58615804
0.58765393
0.58272856
0.5863804
0.58476424
0.5859027
0.5861344
0.58168465
0.58441013
0.5839594
0.58333015
0.5835587
0.5801845
0.5819482
0.58225965
0.5819984
0.58374226
0.57858264
0.57807803
0.5803578
0.57941806
0.57867056
0.5734412
0.5767784
0.57385993
0.5737103
0.576151
0.56823426
0.56717855
0.5682808
0.5685773
0.5715813
0.5603284
0.5620213
0.5621145
0.56428236
0.56141746
0.55017626
0.5521086
0.55190057
0.5544301
0.5551318
0.53935367
0.54084355
0.5422696
0.5456473
0.5456137
0.5249376
0.5294343
0.5301382
0.53365844
0.53628904
0.51286864
0.5161483
0.51701707
0.52002984
0.52037984
0.4952475
0.4991357
0.50453246
0.5081638
0.5094341
0.48007753
0.48494872
0.4909104
0.4926213
0.49530885
0.46486372
0.4681976
0.4731336
0.47872877
0.48153085
0.44846573
0.4538845
0.45744145
0.46423644
0.46539742
0.43176615
0.43858325
0.44374067
0.44806948
0.45162246
0.41545796
0.4229146
0.42748907
0.4318492
0.43899825
0.39905304
0.40766037
0.41439354
0.41833755
0.42356515
0.3838616
0.39220852
0.40016043
0.40433282
0.40976796
0.37069675
0.3806093
0.38497755
0.39049596
0.3948392
0.35605434
0.36322114
0.37206778
0.3781508
0.3807861
0.34506366
0.3504509
0.35895658
0.36517814
0.37030894
0.3289836
0.34118193
0.3480256
0.35297084
0.35833052
0.3183755
0.32727206
0.3363991
0.3408131
0.34632316
0.30857718
0.31728432
0.32443488
0.3303628
0.33699688
0.29661044
0.30595613
0.3148919
0.3205707
0.32682496
0.28759077
0.29751012
0.30512914
0.3108302
0.31672513
0.2787375
0.2889095
0.29440233
0.30191556
0.3072036
0.27047628
0.2787483
0.2875546
0.29372072
0.29806602
0.26084894
0.27152956
0.27910277
0.28558812
0.29077303
0.25381503
0.2634649
0.2712811
0.27667972
0.2832203
0.24613482
0.2567361
0.2629241
0.27087894
0.2751222
0.24083051
0.24931902
0.25637564
0.262502
0.26809224
0.23467642
0.24470356
0.25019422
0.25541523
0.2625744
0.22852814
0.23747666
0.24365471
0.2505329
0.25588474
0.22237158
0.23132244
0.23727842
0.24391231
0.25063643
0.21804695
0.22654465
0.23292485
0.23845446
0.24378666
0.21283296
0.22120307
0.22711392
0.2335547
0.23970395
0.20845346
0.21584292
0.2235579
0.22856516
0.23342231
0.2027204
0.21208633
0.21822058
0.2232422
0.23012549
0.19868837
0.20801008
0.21445818
0.21893604
0.2249775
0.19486938
0.20318872
0.20938091
0.21573143
0.2193042
0.18980797
0.19893584
0.20581013
0.21100816
0.21621463
0.18645322
0.19489926
0.20229796
0.20754258
0.21159214
0.1825573
0.1916688
0.19787025
0.20354453
0.20720212
0.17881365
0.18827914
0.19415726
0.19992475
0.2041194
0.1771198
0.18430668
0.1898256
0.19596441
0.19948642
0.17314583
0.18122852
0.18724972
0.19168577
0.19699408
0.16916339
0.17807268
0.18439622
0.18929002
0.1927725
0.16720949
0.17580512
0.18060811
0.18480098
0.19022143
0.16417313
0.17170563
0.1773595
0.1824323
0.18640569
0.16101535
0.16834615
0.17425376
0.17851593
0.18396986
0.15898852
0.1659992
0.1715257
0.17640088
0.18046877
0.1564621
0.16295174
0.16859534
0.17334662
0.1773655
0.15339947
0.16137639
0.16672856
0.17053528
0.17541689
0.15157479
0.15807906
0.16402332
0.16792788
0.17286874
0.14862064
0.15589368
0.16155891
0.16629115
0.16975835
0.14682828
0.15377368
0.1587893
0.1631783
0.16768001
0.14455143
0.15110618
0.15628102
0.16080013
0.16530105
0.1420224
0.14916189
0.15422052
0.15856627
0.1629858
0.14058326
0.14667818
0.1521736
0.15703312
0.16031758
0.13859531
0.14522305
0.15008534
0.15478583
