0.69104946
0.46722835
0.4568729
0.4536248
0.44462037
0.4377313
0.436444
0.43781453
0.42891797
0.42693013
0.4294994
0.42945236
0.42439213
0.41959593
0.41916007
0.41873613
0.4170698
0.41107655
0.41069886
0.41119856
0.40841535
0.4046183
0.39727825
0.3961184
0.39896867
0.3880662
0.38202983
0.37289435
0.36177114
0.35140288
0.33320025
0.31828332
0.29120055
0.27009144
0.23826793
0.21628025
0.18522802
0.15765686
0.1343039
0.11492657
0.09942281
0.08827343
0.0747288
0.06897177
0.060801033
0.05563063
0.051892117
0.04663353
0.04720531
0.046106033
0.045379397
0.040022045
0.039378177
0.03781752
0.035258293
0.035588138
0.033855125
0.031613104
0.03003474
0.029149849
0.032443978
0.027773531
0.027301729
0.02761802
0.024919527
0.024159966
0.022566529
0.0251675
0.024391513
0.022689339
0.021085806
0.01966446
0.019868026
0.019404346
0.0206681
0.020636328
0.018834034
0.018011196
0.018816857
0.017611796
0.01595346
0.016364446
0.016137749
0.015587035
0.015288753
0.015005551
0.014543634
0.015328339
0.0143431695
0.01384055
0.013530375
0.012785013
0.013163201
0.013760312
0.013763291
0.012805331
0.011787148
0.011754614
0.011935371
0.01293296
0.011607593
0.011265264
0.011078599
0.01076143
0.0109546725
0.010578281
0.010835561
0.010378235
0.010837723
0.010603502
0.00967935
0.009454495
0.009411937
0.010165009
0.010308936
0.010719705
0.009386641
0.008666352
0.0083715245
0.008623582
0.008905327
0.008744672
0.008010869
0.008342317
0.00851927
0.008760249
