1.7088522e-7
1.3082862e-7
1.2723477e-7
1.266846e-7
1.225243e-7
1.2235824e-7
1.2215537e-7
1.2153653e-7
1.20714e-7
1.195221e-7
1.1755228e-7
1.1815636e-7
1.1938658e-7
1.1854444e-7
1.1788778e-7
1.18707376e-7
1.1917485e-7
1.1826484e-7
1.1776875e-7
1.1747909e-7
1.1821207e-7
1.1690631e-7
1.17445346e-7
1.17807446e-7
1.1926949e-7
1.1726008e-7
1.18039196e-7
1.1983208e-7
1.18675636e-7
1.18921015e-7
1.1818855e-7
1.18487286e-7
1.1780844e-7
1.1988513e-7
1.1840345e-7
1.17159274e-7
1.1912254e-7
1.19171425e-7
1.1956533e-7
1.1953493e-7
1.2043456e-7
1.1932336e-7
1.2062348e-7
1.2120437e-7
1.1710971e-7
1.18642475e-7
1.1974676e-7
1.1838505e-7
1.2008779e-7
1.1921358e-7
1.184202e-7
1.1962595e-7
1.1840182e-7
1.18989476e-7
1.2013236e-7
1.2016109e-7
1.199953e-7
1.1888993e-7
1.1808562e-7
1.1908243e-7
1.1858185e-7
1.1787144e-7
1.1862619e-7
1.18308456e-7
1.1685386e-7
1.1841455e-7
1.192836e-7
1.1933896e-7
1.18524305e-7
1.1821135e-7
1.1778682e-7
1.1847538e-7
1.1871592e-7
1.1846574e-7
1.18350016e-7
1.1971134e-7
1.1764788e-7
1.1731064e-7
1.17901116e-7
1.1932494e-7
1.17659326e-7
1.1656388e-7
1.1807458e-7
1.1832033e-7
1.171991e-7
1.1855024e-7
1.1671666e-7
1.1753955e-7
1.181915e-7
1.1780633e-7
1.1865094e-7
1.1738704e-7
1.17557924e-7
1.1769557e-7
1.1907367e-7
1.1745085e-7
1.1773869e-7
1.1782344e-7
1.1818965e-7
1.1621402e-7
1.1556211e-7
1.1812248e-7
1.1826837e-7
1.17365616e-7
1.1637295e-7
1.17250046e-7
1.1670711e-7
1.18870915e-7
1.1632619e-7
1.1680184e-7
1.1648369e-7
1.1834861e-7
1.1761941e-7
1.1738549e-7
1.1797702e-7
1.16334064e-7
1.1680603e-7
1.1547304e-7
1.1692131e-7
1.17793235e-7
1.1673322e-7
1.15618604e-7
1.1724776e-7
1.1756162e-7
1.1754549e-7
1.1622614e-7
1.1677088e-7
1.1623267e-7
1.16591416e-7
1.168871e-7
1.1604425e-7
1.1605934e-7
1.1683835e-7
1.1670202e-7
1.1743588e-7
1.1658383e-7
1.1681257e-7
1.16098185e-7
1.1541912e-7
1.163258e-7
1.1688268e-7
1.16378075e-7
1.1702304e-7
1.16091904e-7
1.1667284e-7
1.1659203e-7
1.1602988e-7
1.17198184e-7
1.1586465e-7
1.1834848e-7
1.1541376e-7
1.15894856e-7
1.1575692e-7
1.1594959e-7
1.16305756e-7
1.1454824e-7
1.143713e-7
1.1637132e-7
1.15902985e-7
1.1581735e-7
1.1635925e-7
1.1729094e-7
1.166417e-7
1.1789687e-7
1.1445352e-7
1.17240624e-7
1.1528541e-7
1.1525479e-7
1.1587984e-7
1.152795e-7
1.1623593e-7
1.1652181e-7
1.1524525e-7
1.15453716e-7
1.14352254e-7
1.1711918e-7
1.15481356e-7
1.15921054e-7
1.15501955e-7
1.1446465e-7
1.1560469e-7
1.15376174e-7
1.1729995e-7
1.1545971e-7
1.1640438e-7
1.16143305e-7
1.1493897e-7
1.1670911e-7
1.1629243e-7
1.15613375e-7
1.1556822e-7
1.13895574e-7
1.1714204e-7
1.1516283e-7
1.1583078e-7
1.15536494e-7
1.16226424e-7
1.1540294e-7
1.15060914e-7
1.1490169e-7
1.1502414e-7
1.1571908e-7
1.1566461e-7
1.1459533e-7
1.14230765e-7
1.1450059e-7
1.1517926e-7
1.1536391e-7
1.1676852e-7
1.1619476e-7
1.1409966e-7
1.15284436e-7
1.16194094e-7
1.16992965e-7
1.15157675e-7
1.1441621e-7
1.1389546e-7
1.1642117e-7
1.1530297e-7
1.1414376e-7
1.1510892e-7
1.155334e-7
1.1570336e-7
1.1565592e-7
1.15667255e-7
1.15043946e-7
1.1423731e-7
1.15196514e-7
1.14637004e-7
1.15809236e-7
1.1574192e-7
1.14803385e-7
1.1514159e-7
1.1561454e-7
1.1474247e-7
1.148658e-7
1.1550226e-7
1.1594564e-7
1.15154684e-7
1.1504028e-7
1.1527741e-7
1.14480144e-7
1.1469548e-7
1.1541002e-7
1.1444815e-7
1.1453223e-7
1.1461787e-7
1.13451605e-7
1.1571746e-7
1.1456058e-7
1.1557677e-7
1.1478852e-7
1.1553506e-7
1.16332394e-7
1.1570947e-7
1.1534811e-7
1.1380438e-7
1.1493083e-7
1.1443776e-7
1.1575416e-7
1.13603285e-7
1.14450685e-7
1.14457535e-7
1.1372937e-7
1.1357372e-7
1.14470744e-7
1.1454865e-7
1.14891996e-7
1.15925474e-7
1.1523534e-7
1.15220715e-7
1.13426054e-7
1.133805e-7
1.1425196e-7
1.14457926e-7
1.1460767e-7
1.1434172e-7
1.1410017e-7
1.132976e-7
1.1529193e-7
1.14039956e-7
1.1433467e-7
1.13738835e-7
1.14867966e-7
1.1456136e-7
1.1443966e-7
1.1540937e-7
1.1551454e-7
1.1465679e-7
1.13057496e-7
1.1508156e-7
1.151624e-7
1.1571644e-7
1.1454669e-7
1.1412068e-7
1.1374245e-7
1.1382034e-7
1.1519549e-7
1.1345261e-7
1.1313619e-7
1.15155366e-7
1.142555e-7
1.14368895e-7
1.1560131e-7
1.1513934e-7
1.1452928e-7
1.1500224e-7
1.14808905e-7
1.1468758e-7
1.1549131e-7
1.13726145e-7
1.1417094e-7
1.14169794e-7
1.1444788e-7
1.1271071e-7
1.14798745e-7
1.14841896e-7
1.12782885e-7
1.1455872e-7
1.1443403e-7
1.1401288e-7
1.1352864e-7
1.14731236e-7
1.1365422e-7
1.1349029e-7
1.1518981e-7
1.13962585e-7
1.14617755e-7
1.1461138e-7
1.15514524e-7
1.1512417e-7
1.1307946e-7
1.14466495e-7
1.1317592e-7
1.1607965e-7
1.1260505e-7
1.1383869e-7
1.14288845e-7
1.13730245e-7
1.1389554e-7
1.13913806e-7
1.1488012e-7
1.1458858e-7
1.152017e-7
1.14687076e-7
1.1429106e-7
1.14705806e-7
1.1455789e-7
1.1324351e-7
1.12481516e-7
1.1396462e-7
1.12251e-7
1.1231639e-7
1.14493645e-7
1.14189596e-7
1.1374777e-7
1.1437833e-7
1.13168504e-7
1.1444595e-7
1.14092444e-7
1.1368852e-7
1.1370139e-7
1.1425275e-7
1.1418293e-7
1.1314424e-7
1.1319157e-7
1.1347939e-7
1.1387273e-7
1.1374969e-7
1.14577375e-7
1.1387978e-7
1.1306241e-7
1.1557925e-7
1.14254334e-7
1.1374572e-7
1.1407112e-7
1.1293873e-7
1.1334827e-7
1.1324117e-7
1.1443141e-7
1.1293088e-7
1.132226e-7
1.14749014e-7
1.1270658e-7
1.141275e-7
1.1376248e-7
1.13951714e-7
1.13301894e-7
1.13193344e-7
1.14213755e-7
1.1291843e-7
1.1433264e-7
1.13186935e-7
1.13744235e-7
1.1439019e-7
1.1304372e-7
1.14969296e-7
1.13776174e-7
1.13959665e-7
1.13977734e-7
1.1457838e-7
1.1190671e-7
1.1372641e-7
1.1413912e-7
1.1414569e-7
1.1333579e-7
1.14491364e-7
1.1342005e-7
1.1307049e-7
1.1415956e-7
1.1398043e-7
1.13092426e-7
1.1394324e-7
1.1321292e-7
1.1228188e-7
1.1398986e-7
1.1282754e-7
1.1293934e-7
1.1463073e-7
1.14409104e-7
1.1365907e-7
1.13719146e-7
1.1474103e-7
1.1304577e-7
1.1336923e-7
1.1352045e-7
1.1261599e-7
1.1264345e-7
1.1272999e-7
1.1383969e-7
1.12780874e-7
1.1526269e-7
1.13355505e-7
1.1403739e-7
1.1485268e-7
1.1293545e-7
1.1208368e-7
1.13910254e-7
1.14018526e-7
1.133955e-7
1.14174135e-7
1.13663305e-7
1.1371795e-7
1.13291335e-7
1.1340133e-7
1.1282613e-7
1.1344421e-7
1.1340585e-7
1.1488161e-7
1.1287359e-7
1.1251307e-7
1.1400646e-7
1.13320155e-7
1.12961594e-7
1.1240838e-7
1.1247484e-7
1.1488775e-7
1.1348545e-7
1.137176e-7
1.1452258e-7
1.1325476e-7
1.1328766e-7
1.1350763e-7
1.1254004e-7
1.12946196e-7
1.1394574e-7
1.1284476e-7
1.12626466e-7
1.130687e-7
1.1301211e-7
1.136816e-7
1.12656224e-7
1.1381788e-7
1.1469297e-7
1.14475924e-7
1.1299554e-7
1.1314623e-7
1.1368065e-7
1.1393827e-7
1.1350102e-7
1.1387415e-7
1.1264649e-7
1.1315657e-7
1.1318295e-7
1.1311318e-7
1.1206671e-7
1.14735926e-7
1.136362e-7
1.1472823e-7
1.1311083e-7
1.12749426e-7
1.12852405e-7
1.12800755e-7
1.12714666e-7
1.1300001e-7
1.1296435e-7
1.1344797e-7
1.13882244e-7
1.1331203e-7
1.1289521e-7
1.13498295e-7
1.1183244e-7
1.1439371e-7
1.12724734e-7
1.13422814e-7
1.1234515e-7
1.1168609e-7
1.1265092e-7
1.1368375e-7
1.1348329e-7
1.1360412e-7
1.1222286e-7
1.1358947e-7
1.1294845e-7
1.13058306e-7
1.1327326e-7
1.144118e-7
1.1282729e-7
1.1225238e-7
1.1297859e-7
1.12243676e-7
1.13634364e-7
1.1423104e-7
1.13752165e-7
1.1209232e-7
1.1349785e-7
1.13903425e-7
1.14441825e-7
1.1329872e-7
1.1460213e-7
1.1255292e-7
1.1378752e-7
1.13058015e-7
1.13395444e-7
1.1327549e-7
1.1372375e-7
1.13915846e-7
1.1289003e-7
1.1308619e-7
1.1359192e-7
1.1326685e-7
1.1305946e-7
1.1386073e-7
1.1261566e-7
1.12242844e-7
1.12483455e-7
1.1338087e-7
1.11960546e-7
1.1382351e-7
1.12689804e-7
1.1268331e-7
1.133251e-7
1.1285702e-7
1.1316316e-7
1.14912574e-7
1.1274259e-7
1.1254729e-7
1.1409192e-7
1.12977915e-7
1.1401684e-7
1.13398904e-7
1.1428031e-7
1.1072496e-7
1.13747134e-7
1.12866175e-7
1.1175161e-7
1.1323895e-7
1.1344842e-7
1.13257016e-7
1.13349515e-7
1.13276144e-7
1.1351848e-7
1.13639594e-7
1.12100984e-7
1.1394804e-7
1.13855386e-7
1.1263079e-7
1.1293851e-7
1.13390904e-7
1.1408101e-7
1.1314122e-7
1.1348868e-7
1.1291621e-7
1.1350273e-7
1.1620072e-7
1.12450806e-7
1.12408124e-7
1.1092705e-7
1.127046e-7
1.12330916e-7
1.14187785e-7
1.1398691e-7
1.120189e-7
1.14187955e-7
1.12590975e-7
1.1225412e-7
1.1355022e-7
1.1430973e-7
1.1253476e-7
1.1273819e-7
1.1294776e-7
1.1429827e-7
1.1393062e-7
1.1164947e-7
1.1331169e-7
1.1142455e-7
1.133053e-7
1.12632485e-7
1.14220235e-7
1.12921576e-7
1.1178959e-7
1.12499315e-7
1.13493e-7
1.1372717e-7
1.14710204e-7
1.1203955e-7
1.1259041e-7
1.1280376e-7
1.12955036e-7
1.1204812e-7
1.1456577e-7
1.12012614e-7
1.1275548e-7
1.12885665e-7
1.1349181e-7
1.1323668e-7
1.1446429e-7
1.12954005e-7
1.1326931e-7
1.1249747e-7
1.1411874e-7
1.13371975e-7
1.1351035e-7
1.1170713e-7
1.1347176e-7
1.1234294e-7
1.1220538e-7
1.1247176e-7
1.1393547e-7
1.1439683e-7
1.1181409e-7
1.1198965e-7
1.1209838e-7
1.12464235e-7
1.1312032e-7
1.1297518e-7
1.1283672e-7
1.1262339e-7
1.1372847e-7
1.1375602e-7
1.134423e-7
1.1300691e-7
1.1286562e-7
1.13125175e-7
1.1142145e-7
1.1073734e-7
1.13778604e-7
1.1350932e-7
1.1265188e-7
1.13603164e-7
1.13331744e-7
1.13445196e-7
1.120451e-7
1.12620775e-7
1.12579166e-7
1.1338466e-7
1.14679054e-7
1.126875e-7
1.12086404e-7
1.1330605e-7
1.1343435e-7
1.12930884e-7
1.13751405e-7
1.1289133e-7
1.1246892e-7
1.1131064e-7
1.11997274e-7
1.1411549e-7
1.1130559e-7
1.1234042e-7
1.12457464e-7
1.11206724e-7
1.1297387e-7
1.1186094e-7
1.1262256e-7
1.1427527e-7
1.1433125e-7
1.1460303e-7
1.1306214e-7
1.132908e-7
1.14359906e-7
1.1411364e-7
1.11821116e-7
1.13573016e-7
1.1493246e-7
1.11743674e-7
1.1229646e-7
1.1264894e-7
1.1326503e-7
1.1408311e-7
1.1203723e-7
1.11789824e-7
1.1216731e-7
1.1316595e-7
1.11743226e-7
1.12944385e-7
1.1307451e-7
1.1380472e-7
1.1420425e-7
1.12167626e-7
1.1267298e-7
1.1301701e-7
1.1263052e-7
1.1186716e-7
1.1286209e-7
1.1336832e-7
1.1323071e-7
1.133328e-7
1.13860324e-7
1.1219514e-7
1.1129322e-7
1.13535535e-7
1.1211656e-7
1.1215853e-7
1.1145333e-7
1.1247393e-7
1.1358917e-7
1.13422786e-7
1.1103222e-7
1.1428014e-7
1.1296187e-7
1.1221146e-7
1.1357449e-7
1.11545205e-7
1.1252767e-7
1.1262003e-7
1.11219116e-7
1.142985e-7
1.13402e-7
1.1088607e-7
1.1258573e-7
1.1291962e-7
1.13062065e-7
1.1219773e-7
1.1199815e-7
1.12747976e-7
1.1208083e-7
1.12004486e-7
1.1336152e-7
1.133306e-7
1.1453596e-7
1.1293637e-7
1.13370795e-7
1.1258744e-7
1.14578086e-7
1.13673096e-7
1.1249658e-7
1.1325758e-7
1.1320572e-7
1.1272999e-7
1.1286199e-7
1.1277716e-7
1.1209586e-7
1.1175684e-7
1.1211149e-7
1.1433358e-7
1.12884294e-7
1.1203687e-7
1.13368685e-7
1.1234103e-7
1.128379e-7
1.1259698e-7
1.1307339e-7
1.1332637e-7
1.12405026e-7
1.1208623e-7
1.13647474e-7
1.11739716e-7
1.1283019e-7
1.1164476e-7
1.1049032e-7
1.1335861e-7
1.1254931e-7
1.12372966e-7
1.13896256e-7
1.1123835e-7
1.13650465e-7
1.1178232e-7
1.1276027e-7
1.14977496e-7
1.1197104e-7
1.1314359e-7
1.1344293e-7
1.13263766e-7
1.1230624e-7
1.1359546e-7
1.1245229e-7
1.1424513e-7
1.1163564e-7
1.1208527e-7
1.12497325e-7
1.118873e-7
1.1264085e-7
1.1275093e-7
1.1298568e-7
1.1144163e-7
1.1319792e-7
1.1122623e-7
1.1306041e-7
1.13280926e-7
1.1259107e-7
1.1279806e-7
1.14288135e-7
1.1188367e-7
1.123956e-7
1.1358025e-7
1.1329692e-7
1.1297939e-7
1.12339904e-7
1.1320836e-7
1.1309185e-7
1.1296174e-7
1.1360427e-7
1.12531914e-7
1.12930294e-7
1.134884e-7
1.13039064e-7
1.1225764e-7
1.1226301e-7
1.1257317e-7
1.12673526e-7
1.1294025e-7
1.1158314e-7
1.10700896e-7
1.1273308e-7
1.12424395e-7
1.1242637e-7
1.12598315e-7
1.1314539e-7
1.1244258e-7
1.1243091e-7
1.10951376e-7
1.130379e-7
1.12672694e-7
1.1166537e-7
1.12044255e-7
1.1373344e-7
1.12314176e-7
1.13995966e-7
1.1181614e-7
1.1311087e-7
1.1261052e-7
1.1246223e-7
1.1316159e-7
1.13173506e-7
1.1294442e-7
1.138224e-7
1.112072e-7
1.1385607e-7
1.122229e-7
1.1332685e-7
1.11694675e-7
1.1329135e-7
1.1245688e-7
1.12101866e-7
1.1393322e-7
1.1245526e-7
1.1370597e-7
1.1191612e-7
1.1257102e-7
1.12389614e-7
1.10863354e-7
1.1232087e-7
1.126749e-7
1.12559235e-7
1.1383116e-7
1.1299685e-7
1.13059365e-7
1.12217286e-7
1.12077274e-7
1.1341892e-7
1.1222615e-7
1.1254604e-7
1.1272583e-7
1.1400047e-7
1.1255471e-7
1.1220982e-7
1.11527534e-7
1.13538945e-7
1.1207887e-7
1.1255236e-7
1.12443054e-7
1.1314996e-7
1.12580935e-7
1.122708e-7
1.120413e-7
1.1300227e-7
1.1297326e-7
1.1395501e-7
1.12426505e-7
1.1167225e-7
1.1215115e-7
1.1214378e-7
1.12557174e-7
1.1224983e-7
1.1331404e-7
1.12673824e-7
1.1333479e-7
1.1418216e-7
1.1141207e-7
1.1322453e-7
1.12212184e-7
1.1223909e-7
1.12522685e-7
1.1236602e-7
1.1280495e-7
1.1282588e-7
1.1279086e-7
1.1228715e-7
1.1246844e-7
1.12103166e-7
1.1178589e-7
1.1253362e-7
1.13210014e-7
1.13165775e-7
1.1186393e-7
1.1264899e-7
1.1169275e-7
1.1128798e-7
1.1460178e-7
1.1243077e-7
1.13708495e-7
1.12065926e-7
1.1192752e-7
1.1317264e-7
1.1233247e-7
1.1167652e-7
1.1271925e-7
1.1377808e-7
1.12474574e-7
1.1244481e-7
1.12128845e-7
1.117608e-7
1.1155067e-7
1.13980875e-7
1.133696e-7
1.1238233e-7
1.114627e-7
1.1301205e-7
1.1244532e-7
1.13042745e-7
1.118091e-7
1.1330559e-7
1.1322772e-7
1.13729826e-7
1.104291e-7
1.1218501e-7
1.11784104e-7
1.1323373e-7
1.1147327e-7
1.1176946e-7
1.1244185e-7
1.1258839e-7
1.1264642e-7
1.11471216e-7
1.1166413e-7
1.1287737e-7
1.1429012e-7
1.121156e-7
1.11285054e-7
1.1175746e-7
1.1404274e-7
1.1197033e-7
1.1347858e-7
1.1196971e-7
1.1252149e-7
1.12333424e-7
1.1293651e-7
1.1259097e-7
1.1310299e-7
1.1230288e-7
1.1309456e-7
1.1214887e-7
1.1195537e-7
1.1189491e-7
1.1220267e-7
1.1216091e-7
1.121598e-7
1.1199824e-7
1.1167774e-7
1.1230384e-7
1.1244512e-7
1.1339186e-7
1.1200017e-7
1.13348285e-7
1.1248423e-7
1.1280581e-7
1.12117554e-7
1.1182702e-7
1.1085989e-7
1.1223374e-7
1.116835e-7
1.1371679e-7
1.1403089e-7
1.1177363e-7
1.1267314e-7
1.1211842e-7
1.1197807e-7
1.1287279e-7
1.1256184e-7
1.1139619e-7
1.1282458e-7
1.11964354e-7
1.1202963e-7
1.1196822e-7
1.1197988e-7
1.12145074e-7
1.1212348e-7
1.1328665e-7
1.1236293e-7
1.10971314e-7
1.1189938e-7
1.11864104e-7
1.1273686e-7
1.12129165e-7
1.1201235e-7
1.1348225e-7
1.16022285e-7
1.1366795e-7
1.1223866e-7
1.114776e-7
1.1286388e-7
1.1261134e-7
1.1361533e-7
1.12955554e-7
1.1128939e-7
1.12471945e-7
1.1300299e-7
1.1373164e-7
1.12496515e-7
1.1055465e-7
1.1149401e-7
1.1262726e-7
1.11476034e-7
1.11727076e-7
1.1169942e-7
1.11948786e-7
1.1195767e-7
1.1319119e-7
1.1484706e-7
1.1159102e-7
1.1196217e-7
1.1045221e-7
1.1283124e-7
1.1236333e-7
1.1174297e-7
1.12847985e-7
1.11593216e-7
1.1338714e-7
1.13574266e-7
1.1195965e-7
1.1266362e-7
1.1153676e-7
1.12168514e-7
1.11010095e-7
1.1321999e-7
1.11169655e-7
1.1202196e-7
1.1469021e-7
1.12100075e-7
1.136573e-7
1.1256563e-7
1.1280926e-7
1.1259399e-7
1.12128774e-7
1.1203577e-7
1.1100171e-7
1.12710545e-7
1.1164635e-7
1.1208498e-7
1.1227277e-7
1.1134594e-7
1.1225562e-7
1.12420295e-7
1.1131459e-7
1.13412305e-7
1.1316061e-7
1.13262935e-7
1.1161647e-7
1.12158695e-7
1.1164475e-7
1.13013485e-7
1.12968166e-7
1.11479615e-7
1.11209324e-7
1.1065029e-7
1.12264296e-7
1.1192836e-7
1.12084e-7
1.1150224e-7
1.1320812e-7
1.1241187e-7
1.1169758e-7
1.1319335e-7
1.1110973e-7
1.1254977e-7
1.12964536e-7
1.1296203e-7
1.1341954e-7
1.1419682e-7
1.11250436e-7
1.12260516e-7
1.1237873e-7
1.1275436e-7
1.1240685e-7
1.12264054e-7
1.12197014e-7
1.1059789e-7
1.1420076e-7
1.1263844e-7
1.1258383e-7
1.13034325e-7
1.1278511e-7
1.1133967e-7
1.1278585e-7
1.11632374e-7
1.12240016e-7
1.12197256e-7
1.12413865e-7
1.118674e-7
1.1193174e-7
1.106819e-7
1.1267675e-7
1.1204045e-7
1.1292167e-7
1.1233963e-7
1.12814625e-7
1.1122189e-7
1.1195547e-7
1.11468594e-7
1.1123217e-7
1.1225913e-7
1.104447e-7
1.1449562e-7
1.1171506e-7
1.1220662e-7
1.1316751e-7
1.1174411e-7
1.1109156e-7
1.1305868e-7
1.1318994e-7
1.1199952e-7
1.12823095e-7
1.1235242e-7
1.12813716e-7
1.11284976e-7
1.1150669e-7
1.1271313e-7
1.1220029e-7
1.1197335e-7
1.1137348e-7
1.12009204e-7
1.1187402e-7
1.1297662e-7
1.1311237e-7
1.1117572e-7
1.11666324e-7
1.1281804e-7
1.1180906e-7
1.1339093e-7
1.13053495e-7
1.12804074e-7
1.1039906e-7
1.1228204e-7
1.1333185e-7
1.11201516e-7
1.10967974e-7
1.1203099e-7
1.11624466e-7
1.1241475e-7
1.1262442e-7
1.1301775e-7
1.1320464e-7
1.1166313e-7
1.1369463e-7
1.1143498e-7
1.1189438e-7
1.1110104e-7
1.1192126e-7
1.123147e-7
1.11916336e-7
1.1174465e-7
1.1364217e-7
1.104154e-7
1.13181386e-7
1.12970085e-7
1.1254246e-7
1.120707e-7
1.121938e-7
1.1314491e-7
1.1245881e-7
1.1164178e-7
1.1137878e-7
1.11591255e-7
1.1141822e-7
1.1199614e-7
1.11188264e-7
1.12086816e-7
1.126915e-7
1.12852504e-7
1.1210169e-7
1.11353124e-7
1.1299803e-7
1.1193277e-7
1.1156507e-7
1.12086134e-7
1.1338088e-7
1.1331535e-7
1.1168917e-7
1.1023438e-7
1.1227567e-7
1.12292234e-7
1.11924756e-7
1.1202168e-7
1.1261764e-7
1.11763605e-7
1.1223986e-7
1.1122851e-7
1.1133668e-7
1.1184333e-7
1.13068204e-7
1.1281559e-7
1.1078309e-7
1.1186096e-7
1.1274528e-7
1.1242426e-7
1.1255652e-7
1.1205623e-7
1.1209787e-7
1.1290865e-7
1.1119644e-7
1.11108e-7
1.12081075e-7
1.12020274e-7
1.1292904e-7
1.1090938e-7
1.1233089e-7
1.1193602e-7
1.1105784e-7
1.11172575e-7
1.1470988e-7
1.1249453e-7
1.13636304e-7
1.1186401e-7
1.1155086e-7
1.11908875e-7
1.1098661e-7
1.11659745e-7
1.11055606e-7
1.1087703e-7
1.128767e-7
1.10239164e-7
1.1347876e-7
1.1071552e-7
1.1208374e-7
1.1197878e-7
1.104224e-7
1.1450491e-7
1.1203803e-7
1.1209685e-7
1.1034786e-7
1.125111e-7
1.1020846e-7
1.1282501e-7
1.1141833e-7
1.11512605e-7
1.1348185e-7
1.13958784e-7
1.1246871e-7
1.11734735e-7
1.12314915e-7
1.11754865e-7
1.11157085e-7
1.1176308e-7
1.1269166e-7
1.12815435e-7
1.1101056e-7
1.1220376e-7
1.1196762e-7
1.1168172e-7
1.128022e-7
1.10956655e-7
1.1296406e-7
1.1215092e-7
1.1043016e-7
1.12102164e-7
1.10443374e-7
1.13342004e-7
1.1295906e-7
1.11814735e-7
1.11942036e-7
1.12306275e-7
1.1336324e-7
1.1165424e-7
1.106507e-7
1.1131642e-7
1.1122759e-7
1.12152236e-7
1.14474844e-7
1.1256026e-7
1.1232097e-7
1.1280831e-7
1.1347238e-7
1.1211605e-7
1.09850724e-7
1.1049917e-7
1.1336507e-7
1.11342196e-7
1.11344846e-7
1.11438034e-7
1.1164412e-7
1.1246614e-7
1.1205898e-7
1.11816675e-7
1.11047854e-7
1.11929275e-7
1.1200744e-7
1.1258405e-7
1.118575e-7
1.1146483e-7
1.1345155e-7
1.1206777e-7
1.11629944e-7
1.1295124e-7
1.11675114e-7
1.1252719e-7
1.12222246e-7
1.1224782e-7
1.1180139e-7
1.1244086e-7
1.12431465e-7
1.1289802e-7
1.1237091e-7
1.1239243e-7
1.119245e-7
1.11826395e-7
1.1109042e-7
1.1098972e-7
1.1124641e-7
1.1216595e-7
1.1218529e-7
1.10933264e-7
1.1216267e-7
1.1217949e-7
1.1225968e-7
1.12879185e-7
1.11774874e-7
1.11260974e-7
1.11922795e-7
1.1178205e-7
1.12880635e-7
1.1136168e-7
1.12464974e-7
1.1176136e-7
1.12675046e-7
1.1263287e-7
1.1173503e-7
1.12066225e-7
1.11435156e-7
1.12108e-7
1.1201367e-7
1.1165618e-7
1.1154651e-7
1.1236396e-7
1.12312776e-7
1.1223328e-7
1.1183391e-7
1.12324784e-7
1.12900636e-7
1.119095e-7
1.1146901e-7
1.116137e-7
1.1301917e-7
1.1132415e-7
1.1134902e-7
1.0953669e-7
1.1225154e-7
1.120339e-7
1.1199991e-7
1.1255599e-7
1.1294669e-7
1.116462e-7
1.11871095e-7
1.1185731e-7
1.12294444e-7
1.1364858e-7
1.1143011e-7
1.12385706e-7
1.1214408e-7
1.124879e-7
1.1132089e-7
1.1383954e-7
1.11230676e-7
1.1242971e-7
1.121655e-7
1.1229181e-7
1.12148214e-7
1.1135289e-7
1.1232014e-7
1.1331787e-7
1.12090135e-7
1.112216e-7
1.107537e-7
1.11741926e-7
1.12187806e-7
1.12942836e-7
1.1096201e-7
1.11385226e-7
1.11488816e-7
1.12145116e-7
1.12521185e-7
1.11993224e-7
1.111612e-7
1.1135871e-7
1.1274628e-7
1.11062676e-7
1.1327887e-7
1.1233689e-7
1.1061389e-7
1.1097941e-7
1.1228751e-7
1.12856e-7
1.1035547e-7
1.1075382e-7
1.1380244e-7
1.1247754e-7
1.1235863e-7
1.1235201e-7
1.1300374e-7
1.1099848e-7
1.1255416e-7
1.1218239e-7
1.10816686e-7
1.1163525e-7
1.1246929e-7
1.1160823e-7
1.1182457e-7
1.12966084e-7
1.1158589e-7
1.1305363e-7
1.1236733e-7
1.1141797e-7
1.1140263e-7
1.1240114e-7
1.11888234e-7
1.10829326e-7
1.1315674e-7
1.1160603e-7
1.12672765e-7
1.1218353e-7
1.1305817e-7
1.1189839e-7
1.107314e-7
1.1284315e-7
1.1233316e-7
1.1213641e-7
1.119041e-7
1.1229009e-7
1.1226807e-7
1.1144825e-7
1.1310733e-7
1.10191e-7
1.1165678e-7
1.1100192e-7
1.11090934e-7
1.1415395e-7
1.11581066e-7
1.12237956e-7
1.1146317e-7
1.11897194e-7
1.1207917e-7
1.1146724e-7
1.1133575e-7
1.1133961e-7
1.1178998e-7
1.1095885e-7
1.1267e-7
1.1214888e-7
1.1141344e-7
1.1106928e-7
1.13047584e-7
1.1210866e-7
1.1187237e-7
1.1021005e-7
1.1194026e-7
1.11179524e-7
1.1171361e-7
1.1226525e-7
1.12473145e-7
1.12601896e-7
1.11142555e-7
1.1173871e-7
1.1254411e-7
1.1117385e-7
1.12692355e-7
1.11484255e-7
1.11834176e-7
1.1062653e-7
1.1111306e-7
1.127479e-7
1.1250959e-7
1.1222556e-7
1.09620466e-7
1.1177261e-7
1.1291869e-7
1.131718e-7
1.1342344e-7
1.0924867e-7
1.11710044e-7
1.12989376e-7
1.11942946e-7
1.1126529e-7
1.1167196e-7
1.1254312e-7
1.11807346e-7
1.1270187e-7
1.1196142e-7
1.1139216e-7
1.1187405e-7
1.1073912e-7
1.1178842e-7
1.1062029e-7
1.1073361e-7
1.121613e-7
1.1257646e-7
1.13204706e-7
1.1246182e-7
1.134371e-7
1.12709834e-7
1.1092953e-7
1.1256087e-7
1.1152105e-7
1.1076227e-7
1.09853374e-7
1.1199228e-7
1.1258476e-7
1.1213291e-7
1.12623496e-7
1.1136927e-7
1.1119248e-7
1.12878965e-7
1.1211861e-7
1.1122742e-7
1.11443676e-7
1.1078831e-7
1.1073492e-7
1.11206596e-7
1.11212906e-7
1.1260798e-7
1.1293802e-7
1.1076529e-7
1.1326927e-7
1.1164152e-7
1.1213892e-7
1.1164662e-7
1.0952305e-7
1.137598e-7
1.1215279e-7
1.10551504e-7
1.1155898e-7
1.12142985e-7
1.1163936e-7
1.11183944e-7
1.1009973e-7
1.1246674e-7
1.11232914e-7
1.1140042e-7
1.1205274e-7
1.1169447e-7
1.130743e-7
1.107316e-7
1.12668e-7
1.13047726e-7
1.122873e-7
1.1279231e-7
1.1290383e-7
1.1143697e-7
1.1091317e-7
1.1214654e-7
1.10840595e-7
1.13125374e-7
1.1206164e-7
1.1231631e-7
1.1122263e-7
1.1145757e-7
1.1134577e-7
1.1179063e-7
1.12599764e-7
1.1165389e-7
1.13032854e-7
1.1377939e-7
1.11051634e-7
1.1088405e-7
1.13153234e-7
1.10470964e-7
1.1213045e-7
1.1240836e-7
1.1137792e-7
1.1208352e-7
1.0997583e-7
1.1165066e-7
1.1070747e-7
1.1228514e-7
1.1299601e-7
1.121951e-7
1.1186453e-7
1.11137176e-7
1.11505265e-7
1.1046622e-7
1.1068937e-7
1.11970806e-7
1.11240425e-7
1.1100476e-7
1.1280664e-7
1.1252826e-7
1.12430605e-7
1.1127888e-7
1.12754556e-7
1.1268409e-7
1.1073512e-7
1.1153212e-7
1.1166037e-7
1.1171712e-7
1.1057935e-7
1.1115246e-7
1.12399874e-7
1.1060514e-7
1.1217345e-7
1.121831e-7
1.1135181e-7
1.1155302e-7
1.1167849e-7
1.12212845e-7
1.13540956e-7
1.1170114e-7
1.1023077e-7
1.11909884e-7
1.13267845e-7
1.1174812e-7
1.1381459e-7
1.10915124e-7
1.1189605e-7
1.12446365e-7
1.1130207e-7
1.106491e-7
1.1085793e-7
1.1249666e-7
1.1193475e-7
1.1236861e-7
1.1176023e-7
1.1202421e-7
1.11731964e-7
1.114512e-7
1.1128478e-7
1.1201329e-7
1.1182134e-7
1.1211281e-7
1.11710335e-7
1.12140214e-7
1.1128157e-7
1.1148457e-7
1.1139068e-7
1.11519604e-7
1.1076643e-7
1.10337574e-7
1.13692785e-7
1.1185803e-7
1.1094765e-7
1.11432165e-7
1.1277857e-7
1.129473e-7
1.11704246e-7
1.1043398e-7
1.12581304e-7
1.1032616e-7
1.1225169e-7
1.11045765e-7
1.1321556e-7
1.1150264e-7
1.1202653e-7
1.1129681e-7
1.1225775e-7
1.1096907e-7
1.1160094e-7
1.112803e-7
1.1180161e-7
1.1123451e-7
1.1167728e-7
1.12362365e-7
1.11027134e-7
1.1233751e-7
1.11634726e-7
1.11346225e-7
1.1148794e-7
1.1292407e-7
1.1048356e-7
1.1252353e-7
1.1007734e-7
1.1241608e-7
1.1364885e-7
1.10420956e-7
1.12414014e-7
1.1213412e-7
1.1163406e-7
1.11607136e-7
1.1190113e-7
1.1062819e-7
1.1380539e-7
1.119291e-7
1.1119333e-7
1.09832214e-7
1.10721814e-7
1.1198744e-7
1.1256552e-7
1.10227376e-7
1.1138754e-7
1.118528e-7
1.114944e-7
1.12719206e-7
1.1208e-7
1.124409e-7
1.10696156e-7
1.11130134e-7
1.1182524e-7
1.1350729e-7
1.1074409e-7
1.1129486e-7
1.1179223e-7
1.12911636e-7
1.1173738e-7
1.1151536e-7
1.1291531e-7
1.1177586e-7
1.1111519e-7
1.1274134e-7
1.1158908e-7
1.1121679e-7
1.11422565e-7
1.11155046e-7
1.1081327e-7
1.1263889e-7
1.11931264e-7
1.1120335e-7
1.1196858e-7
1.1132516e-7
1.11330976e-7
1.1170276e-7
1.10694316e-7
1.11993785e-7
1.10064946e-7
1.1108236e-7
1.1154691e-7
1.1343125e-7
1.1140919e-7
1.1227152e-7
1.12512275e-7
1.1224378e-7
1.11353565e-7
1.11864686e-7
1.1192023e-7
1.1114193e-7
1.1180381e-7
1.1206751e-7
1.120127e-7
1.1098194e-7
1.1063898e-7
1.12780896e-7
1.1091309e-7
1.10496906e-7
1.108435e-7
1.10736245e-7
1.1288216e-7
1.11681985e-7
1.12649836e-7
1.1154497e-7
1.10987074e-7
1.1223015e-7
1.1159447e-7
1.12152144e-7
1.1201907e-7
1.1347655e-7
1.1204732e-7
1.11246585e-7
1.1127237e-7
1.1070787e-7
1.1119824e-7
1.1115068e-7
1.1154015e-7
1.1164646e-7
1.1093336e-7
1.11602446e-7
1.11828925e-7
1.12501056e-7
1.11631394e-7
1.1085021e-7
1.1104615e-7
1.11046866e-7
1.1204146e-7
1.1202983e-7
1.12338164e-7
1.11932806e-7
1.1169053e-7
1.1179161e-7
1.1190719e-7
1.10833035e-7
1.1229629e-7
1.11672655e-7
1.10511586e-7
1.1072986e-7
1.126392e-7
1.12410724e-7
1.1244606e-7
1.1085239e-7
1.1205627e-7
1.1164537e-7
1.1156779e-7
1.1234017e-7
1.1165865e-7
1.10787404e-7
1.1078612e-7
1.1193505e-7
1.10502796e-7
1.115479e-7
1.1305917e-7
1.10498505e-7
1.0983898e-7
1.1203901e-7
1.1058977e-7
1.1144696e-7
1.1175497e-7
1.11462164e-7
1.13200194e-7
1.1249217e-7
1.1082112e-7
1.1152587e-7
1.1206681e-7
1.121916e-7
1.1186248e-7
1.1237349e-7
1.1091768e-7
1.1044224e-7
1.1105829e-7
1.1241481e-7
1.1299151e-7
1.11054355e-7
1.1101813e-7
1.105204e-7
1.1131828e-7
1.1068942e-7
1.1158812e-7
1.1019865e-7
1.10209555e-7
1.11910204e-7
1.1193952e-7
1.1027119e-7
1.1029721e-7
1.10772106e-7
1.1094042e-7
1.1084104e-7
1.1215181e-7
1.1189919e-7
1.10540704e-7
1.11676215e-7
1.1271706e-7
1.1080548e-7
1.1140929e-7
1.1090286e-7
1.1011289e-7
1.118815e-7
1.115879e-7
1.12671515e-7
1.1162443e-7
1.1271426e-7
1.0989182e-7
1.1131744e-7
1.10710644e-7
1.09698036e-7
1.1234511e-7
1.11885804e-7
1.1170595e-7
1.1088137e-7
1.1231812e-7
1.1157378e-7
1.1294696e-7
1.1083528e-7
1.0971683e-7
1.10637366e-7
1.1178912e-7
