2.8110472e-7
2.6349016e-7
2.5995888e-7
2.5736702e-7
2.5362112e-7
2.511944e-7
2.4924225e-7
2.47243e-7
2.4598208e-7
2.440099e-7
2.434608e-7
2.4254302e-7
2.424644e-7
2.4192406e-7
2.4069135e-7
2.4019633e-7
2.4053188e-7
2.4088413e-7
2.3976452e-7
2.3958097e-7
2.3895993e-7
2.3811974e-7
2.3758362e-7
2.3818887e-7
2.391223e-7
2.3736085e-7
2.370946e-7
2.3758953e-7
2.3772054e-7
2.386448e-7
2.3781874e-7
2.3759797e-7
2.3666149e-7
2.3813189e-7
2.3675396e-7
2.3772427e-7
2.3906657e-7
2.3790622e-7
2.3877823e-7
2.381667e-7
2.3817908e-7
2.387163e-7
2.3822712e-7
2.38961e-7
2.3825464e-7
2.3766505e-7
2.375675e-7
2.3733236e-7
2.391908e-7
2.3562842e-7
2.364994e-7
2.3798152e-7
2.372648e-7
2.3760232e-7
2.3699758e-7
2.372933e-7
2.3817505e-7
2.3668618e-7
2.363192e-7
2.3720757e-7
2.3587322e-7
2.3644581e-7
2.3593628e-7
2.35558e-7
2.3566332e-7
2.35084e-7
2.3630953e-7
2.35914e-7
2.3594802e-7
2.3566754e-7
2.349176e-7
2.3520722e-7
2.3446489e-7
2.343302e-7
2.3511056e-7
2.3647682e-7
2.3432781e-7
2.3525759e-7
2.3454811e-7
2.3531975e-7
2.3401442e-7
2.3478785e-7
2.3420435e-7
2.3508284e-7
2.3334597e-7
2.3394766e-7
2.3341208e-7
2.3463804e-7
2.333454e-7
2.3392884e-7
2.3400274e-7
2.3457669e-7
2.3376072e-7
2.3366275e-7
2.3424386e-7
2.3377166e-7
2.3283977e-7
2.3333958e-7
2.3421798e-7
2.329427e-7
2.3251008e-7
2.3389985e-7
2.3341977e-7
2.3331113e-7
2.3267113e-7
2.3278902e-7
2.3260377e-7
2.338909e-7
2.3154053e-7
2.3183769e-7
2.3264231e-7
2.3345116e-7
2.3312938e-7
2.332349e-7
2.3290032e-7
2.3262227e-7
2.3301028e-7
2.3170755e-7
2.310729e-7
2.3218514e-7
2.3274652e-7
2.3196742e-7
2.3371999e-7
2.314757e-7
2.3168285e-7
2.3204001e-7
2.313775e-7
2.3160932e-7
2.3081076e-7
2.3269055e-7
2.3138156e-7
2.315869e-7
2.3145539e-7
2.3075857e-7
2.3213079e-7
2.3188979e-7
2.327968e-7
2.3069275e-7
2.3212807e-7
2.3011995e-7
2.3133963e-7
2.311337e-7
2.3158262e-7
2.3178266e-7
2.3275891e-7
2.3153255e-7
2.3095386e-7
2.3201154e-7
2.3029449e-7
2.312355e-7
2.3072242e-7
2.3160412e-7
2.3059368e-7
2.3140404e-7
2.3101694e-7
2.301859e-7
2.2933904e-7
2.315451e-7
2.3065083e-7
2.3043215e-7
2.3002318e-7
2.3128129e-7
2.3167586e-7
2.3126373e-7
2.2972112e-7
2.3077945e-7
2.3001124e-7
2.3060174e-7
2.3109742e-7
2.2939905e-7
2.3024799e-7
2.3058772e-7
2.3004993e-7
2.2966852e-7
2.2969627e-7
2.3110853e-7
2.3014746e-7
2.2989104e-7
2.3008178e-7
2.2940317e-7
2.3044286e-7
2.3045992e-7
2.3075219e-7
2.2955635e-7
2.3034096e-7
2.3001888e-7
2.293072e-7
2.2943797e-7
2.3035665e-7
2.2918282e-7
2.2927352e-7
2.2917065e-7
2.296718e-7
2.287903e-7
2.2928404e-7
2.2905773e-7
2.3065377e-7
2.2977875e-7
2.3013534e-7
2.2958555e-7
2.2821968e-7
2.3067277e-7
2.3024066e-7
2.2928353e-7
2.294883e-7
2.3010645e-7
2.294384e-7
2.2874279e-7
2.2958423e-7
2.2951912e-7
2.2884811e-7
2.2942382e-7
2.3065809e-7
2.2959179e-7
2.2891685e-7
2.2910751e-7
2.2895036e-7
2.2946111e-7
2.2786278e-7
2.2933531e-7
2.2889417e-7
2.2968716e-7
2.2944518e-7
2.2799796e-7
2.2918051e-7
2.2841287e-7
2.2848005e-7
2.289526e-7
2.2832421e-7
2.291889e-7
2.2979992e-7
2.2844618e-7
2.2936527e-7
2.3027894e-7
2.2949953e-7
2.2868593e-7
2.2816778e-7
2.2874835e-7
2.2910598e-7
2.2814233e-7
2.2882952e-7
2.277918e-7
2.292065e-7
2.2755643e-7
2.2771336e-7
2.2909988e-7
2.2786163e-7
2.2842636e-7
2.2842359e-7
2.2898972e-7
2.2895325e-7
2.2828175e-7
2.284584e-7
2.2851017e-7
2.2840878e-7
2.2866527e-7
2.2800378e-7
2.2898084e-7
2.279943e-7
2.2755808e-7
2.2769721e-7
2.282637e-7
2.2803981e-7
2.2864724e-7
2.2831964e-7
2.2815438e-7
2.2857765e-7
2.2779122e-7
2.285081e-7
2.2839852e-7
2.2841569e-7
2.2787712e-7
2.279162e-7
2.2772046e-7
2.2863435e-7
2.2864594e-7
2.2777638e-7
2.2795024e-7
2.2770388e-7
2.2852689e-7
2.2778707e-7
2.2825719e-7
2.2694792e-7
2.2834254e-7
2.2727988e-7
2.280786e-7
2.2796385e-7
2.2730939e-7
2.276787e-7
2.2796806e-7
2.2751229e-7
2.2873589e-7
2.2801665e-7
2.2696013e-7
2.275972e-7
2.2821672e-7
2.2750406e-7
2.280229e-7
2.2707478e-7
2.2638302e-7
2.2809255e-7
2.2803896e-7
2.2728392e-7
2.2861883e-7
2.2714313e-7
2.2757692e-7
2.2790472e-7
2.264916e-7
2.2877714e-7
2.2854523e-7
2.271539e-7
2.276858e-7
2.2771582e-7
2.2631981e-7
2.2686031e-7
2.2757436e-7
2.2670825e-7
2.2682681e-7
2.2748533e-7
2.2792588e-7
2.2748019e-7
2.2658284e-7
2.2770377e-7
2.2688927e-7
2.2588627e-7
2.2806395e-7
2.2693233e-7
2.2703577e-7
2.2737817e-7
2.2899403e-7
2.2686503e-7
2.2692605e-7
2.2732839e-7
2.26517e-7
2.2859463e-7
2.2609485e-7
2.2676464e-7
2.2679937e-7
2.2747409e-7
2.2687549e-7
2.2701829e-7
2.2787397e-7
2.265666e-7
2.2781352e-7
2.262594e-7
2.2778411e-7
2.2776219e-7
2.2766785e-7
2.254427e-7
2.2591666e-7
2.2613249e-7
2.2574068e-7
2.2603118e-7
2.2781552e-7
2.2684573e-7
2.2709116e-7
2.2822952e-7
2.269143e-7
2.264138e-7
2.2668777e-7
2.2619773e-7
2.2621155e-7
2.259435e-7
2.2707144e-7
2.2675134e-7
2.2713635e-7
2.2658956e-7
2.2709594e-7
2.2675317e-7
2.2623206e-7
2.2621471e-7
2.2694705e-7
2.2730835e-7
2.2692676e-7
2.262872e-7
2.2689223e-7
2.2608123e-7
2.2658469e-7
2.2640478e-7
2.2761505e-7
2.258017e-7
2.2627798e-7
2.2781245e-7
2.2573936e-7
2.2640613e-7
2.261333e-7
2.2603142e-7
2.2575863e-7
2.2635611e-7
2.2677429e-7
2.2671253e-7
2.2693263e-7
2.2629332e-7
2.2628652e-7
2.2654899e-7
2.2642162e-7
2.2600823e-7
2.2714647e-7
2.269419e-7
2.2750923e-7
2.2658841e-7
2.2512845e-7
2.2631095e-7
2.2665583e-7
2.2610367e-7
2.2614316e-7
2.2624073e-7
2.2607972e-7
2.2613288e-7
2.2632683e-7
2.2669502e-7
2.2598326e-7
2.2562995e-7
2.2686979e-7
2.2579277e-7
2.254169e-7
2.2591355e-7
2.2620756e-7
2.2725136e-7
2.267812e-7
2.2647659e-7
2.2567983e-7
2.2685086e-7
2.2602141e-7
2.2565494e-7
2.2602788e-7
2.2635909e-7
2.244047e-7
2.2582351e-7
2.2628046e-7
2.2567794e-7
2.2699389e-7
2.2595813e-7
2.269444e-7
2.2629581e-7
2.2548171e-7
2.2550427e-7
2.2668688e-7
2.2602796e-7
2.2576424e-7
2.2665594e-7
2.2583106e-7
2.2616824e-7
2.2590808e-7
2.2617812e-7
2.2612035e-7
2.2601631e-7
2.2554147e-7
2.2635922e-7
2.2574278e-7
2.259218e-7
2.2699959e-7
2.2608315e-7
2.2597328e-7
2.2551453e-7
2.2481058e-7
2.2520341e-7
2.2735198e-7
2.2484646e-7
2.2640243e-7
2.2604993e-7
2.2480789e-7
2.2470921e-7
2.2572897e-7
2.2515748e-7
2.2601556e-7
2.2504187e-7
2.2494014e-7
2.2599136e-7
2.2604763e-7
2.2562268e-7
2.262226e-7
2.2638368e-7
2.2629828e-7
2.2750105e-7
2.2482443e-7
2.2515584e-7
2.2625895e-7
2.2559739e-7
2.2551325e-7
2.2643106e-7
2.2558875e-7
2.2621451e-7
2.2529738e-7
2.2551181e-7
2.2536754e-7
2.2470459e-7
2.2692434e-7
2.2542095e-7
2.2479023e-7
2.2528042e-7
2.2556554e-7
2.250183e-7
2.2559875e-7
2.255085e-7
2.2634426e-7
2.2615951e-7
2.2589025e-7
2.2529416e-7
2.250971e-7
2.2665255e-7
2.2509113e-7
2.2575959e-7
2.2540948e-7
2.254477e-7
2.2446575e-7
2.2457716e-7
2.2505068e-7
2.2542464e-7
2.253466e-7
2.2588063e-7
2.2435239e-7
2.2590753e-7
2.2564913e-7
2.2508242e-7
2.2644781e-7
2.265797e-7
2.2499015e-7
2.256163e-7
2.2530593e-7
2.2521213e-7
2.2535438e-7
2.2629571e-7
2.26536e-7
2.2556065e-7
2.2605664e-7
2.2732492e-7
2.2478088e-7
2.2643592e-7
2.2679473e-7
2.2539547e-7
2.2580285e-7
2.2503352e-7
2.2673412e-7
2.2507436e-7
2.2563202e-7
2.2581837e-7
2.2685501e-7
2.2598296e-7
2.2473976e-7
2.2506272e-7
2.2523648e-7
2.2481386e-7
2.2599718e-7
2.2481537e-7
2.2554515e-7
2.2569071e-7
2.250436e-7
2.2636567e-7
2.2523983e-7
2.2492071e-7
2.2494703e-7
2.2554201e-7
2.2533442e-7
2.2590721e-7
2.2423909e-7
2.2583274e-7
2.2559942e-7
2.2514544e-7
2.2631556e-7
2.2581038e-7
2.2684627e-7
2.2399325e-7
2.2547724e-7
2.2625964e-7
2.2573221e-7
2.2498506e-7
2.2520933e-7
2.2475105e-7
2.2501558e-7
2.2585556e-7
2.2600558e-7
2.2629587e-7
2.2485374e-7
2.2501133e-7
2.2506875e-7
2.2526815e-7
2.2495138e-7
2.2576475e-7
2.259605e-7
2.2631104e-7
2.2530902e-7
2.251387e-7
2.260322e-7
2.2666632e-7
2.2454375e-7
2.2442066e-7
2.252995e-7
2.243016e-7
2.2441542e-7
2.2654976e-7
2.2498946e-7
2.2514102e-7
2.258734e-7
2.2507042e-7
2.2502229e-7
2.2540831e-7
2.2565301e-7
2.237491e-7
2.2649564e-7
2.2511655e-7
2.2649985e-7
2.2526939e-7
2.2539133e-7
2.2501986e-7
2.2397641e-7
2.2536796e-7
2.2571322e-7
2.255978e-7
2.2515523e-7
2.2433167e-7
2.2439224e-7
2.2521051e-7
2.2523209e-7
2.2571885e-7
2.2399932e-7
2.2551734e-7
2.2577115e-7
2.2580402e-7
2.2548492e-7
2.254733e-7
2.2555432e-7
2.2477943e-7
2.252479e-7
2.2588048e-7
2.250788e-7
2.2577603e-7
2.2541263e-7
2.255945e-7
2.2432636e-7
2.2557346e-7
2.2605713e-7
2.2619004e-7
2.2507027e-7
2.2598923e-7
2.240314e-7
2.2490387e-7
2.2506177e-7
2.2535238e-7
2.2507302e-7
2.2464832e-7
2.2447438e-7
2.2447436e-7
2.2488672e-7
2.2544418e-7
2.2506907e-7
2.2472668e-7
2.2415108e-7
2.2605074e-7
2.2540934e-7
2.2547336e-7
2.2540097e-7
2.2488537e-7
2.2510366e-7
2.24911e-7
2.2358283e-7
2.2565455e-7
2.2587086e-7
2.2596078e-7
2.2463279e-7
2.2490504e-7
2.2559813e-7
2.2382558e-7
2.2535932e-7
2.251575e-7
2.256443e-7
2.2587771e-7
2.2491533e-7
2.2404652e-7
2.2479857e-7
2.2545623e-7
2.244678e-7
2.2541313e-7
2.2524546e-7
2.244437e-7
2.2418673e-7
2.2478214e-7
2.2555193e-7
2.2427372e-7
2.2527598e-7
2.242683e-7
2.2475025e-7
2.2460861e-7
2.2479615e-7
2.2447706e-7
2.2556065e-7
2.25212e-7
2.2693611e-7
2.245343e-7
2.2535153e-7
2.264763e-7
2.25982e-7
2.241661e-7
2.2603366e-7
2.2472281e-7
2.248861e-7
2.2462312e-7
2.2432033e-7
2.2535961e-7
2.2592766e-7
2.2542392e-7
2.2495912e-7
2.2391148e-7
2.2486655e-7
2.2399182e-7
2.2480106e-7
2.2415917e-7
2.253407e-7
2.2606461e-7
2.2448071e-7
2.2518527e-7
2.2426357e-7
2.2473286e-7
2.2494221e-7
2.247342e-7
2.246313e-7
2.2561457e-7
2.2551501e-7
2.2499304e-7
2.2507768e-7
2.2353944e-7
2.245869e-7
2.2412274e-7
2.2433521e-7
2.2491606e-7
2.2469752e-7
2.2478667e-7
2.2529434e-7
2.2428773e-7
2.2491334e-7
2.2497146e-7
2.2490323e-7
2.2546168e-7
2.2441742e-7
2.2458768e-7
2.2433034e-7
2.2406027e-7
2.2570828e-7
2.2528965e-7
2.2522869e-7
2.2476111e-7
2.2519579e-7
2.2438945e-7
2.2371533e-7
2.2445518e-7
2.2497696e-7
2.2389284e-7
2.2488896e-7
2.2555369e-7
2.2514331e-7
2.2568629e-7
2.241897e-7
2.2432751e-7
2.246966e-7
2.262519e-7
2.2539993e-7
2.2567268e-7
2.2512238e-7
2.2530078e-7
2.2428283e-7
2.2508185e-7
2.2315588e-7
2.2455833e-7
2.2499327e-7
2.2417227e-7
2.2492074e-7
2.2388839e-7
2.2506691e-7
2.252752e-7
2.246567e-7
2.253943e-7
2.2422411e-7
2.2467998e-7
2.260401e-7
2.2437042e-7
2.237698e-7
2.2464037e-7
2.2391498e-7
2.2523092e-7
2.254766e-7
2.2335225e-7
2.250197e-7
2.2382653e-7
2.2376145e-7
2.2498396e-7
2.2409861e-7
2.2497788e-7
2.2480042e-7
2.2403205e-7
2.2473526e-7
2.2451403e-7
2.2516355e-7
2.2566189e-7
2.252147e-7
2.2369555e-7
2.2519578e-7
2.2475459e-7
2.2457601e-7
2.2477155e-7
2.2426534e-7
2.2437935e-7
2.238993e-7
2.241146e-7
2.2492542e-7
2.2425169e-7
2.239738e-7
2.2448246e-7
2.2313263e-7
2.2474829e-7
2.2612205e-7
2.2513701e-7
2.2366281e-7
2.2490427e-7
2.244719e-7
2.2509003e-7
2.2514449e-7
2.2496769e-7
2.2437503e-7
2.2502617e-7
2.2501041e-7
2.253954e-7
2.2451835e-7
2.2443572e-7
2.2462719e-7
2.2417323e-7
2.2520065e-7
2.245288e-7
2.2517524e-7
2.2445029e-7
2.2446787e-7
2.2449152e-7
2.2480948e-7
2.2368212e-7
2.2399777e-7
2.2364402e-7
2.2387181e-7
2.2390701e-7
2.2494015e-7
2.2406907e-7
2.2610789e-7
2.2397194e-7
2.2377547e-7
2.2439242e-7
2.2424507e-7
2.2375954e-7
2.2437837e-7
2.2514486e-7
2.2406036e-7
2.25452e-7
2.2356187e-7
2.2388282e-7
2.2459494e-7
2.2433422e-7
2.2503393e-7
2.2424317e-7
2.2414162e-7
2.2493309e-7
2.2382685e-7
2.2530689e-7
2.2445593e-7
2.2484056e-7
2.2343714e-7
2.2527337e-7
2.2414626e-7
2.2430225e-7
2.248139e-7
2.2433429e-7
2.2477138e-7
2.2370415e-7
2.2460158e-7
2.2484946e-7
2.235792e-7
2.2387326e-7
2.2575618e-7
2.2464276e-7
2.252527e-7
2.2487872e-7
2.2351419e-7
2.2391175e-7
2.2357429e-7
2.2506867e-7
2.238127e-7
2.2528343e-7
2.2467027e-7
2.258842e-7
2.2396382e-7
2.2363123e-7
2.236641e-7
2.238717e-7
2.2468497e-7
2.2382027e-7
2.2442121e-7
2.2483644e-7
2.2359757e-7
2.2396547e-7
2.2491031e-7
2.2469419e-7
2.2422549e-7
2.2490305e-7
2.252614e-7
2.2324451e-7
2.2396621e-7
2.2380273e-7
2.2544286e-7
2.2370129e-7
2.2421119e-7
2.2473992e-7
2.2462166e-7
2.2527074e-7
2.2390961e-7
2.2490143e-7
2.2275927e-7
2.2364952e-7
2.2499798e-7
2.247011e-7
2.2430105e-7
2.2545424e-7
2.2465254e-7
2.2302736e-7
2.233312e-7
2.2377226e-7
2.2453044e-7
2.2492517e-7
2.2397047e-7
2.2473542e-7
2.2445123e-7
2.2429514e-7
2.2363076e-7
2.2452038e-7
2.2640086e-7
2.2337179e-7
2.2443193e-7
2.2470793e-7
2.240961e-7
2.245553e-7
2.2362684e-7
2.2329866e-7
2.243545e-7
2.2424062e-7
2.2442816e-7
2.2392896e-7
2.2373423e-7
2.2255156e-7
2.2410975e-7
2.2436406e-7
2.2543664e-7
2.2358002e-7
2.2365441e-7
2.2366488e-7
2.2438405e-7
2.2444142e-7
2.234055e-7
2.248826e-7
2.2443137e-7
2.2474006e-7
2.2310482e-7
2.2465225e-7
2.2361063e-7
2.2431874e-7
2.2368222e-7
2.2395096e-7
2.2376821e-7
2.2461244e-7
2.2423411e-7
2.2382342e-7
2.2321814e-7
2.2369376e-7
2.2495188e-7
2.2327586e-7
2.2381708e-7
2.2467356e-7
2.2448418e-7
2.2382615e-7
2.2397268e-7
2.238641e-7
2.245305e-7
2.238419e-7
2.2493921e-7
2.2378582e-7
2.2551758e-7
2.245662e-7
2.2458687e-7
2.2385149e-7
2.2359099e-7
2.2329563e-7
2.2479962e-7
2.2451769e-7
2.2443089e-7
2.2322702e-7
2.2439623e-7
2.2431483e-7
2.2365417e-7
2.245464e-7
2.2467287e-7
2.243105e-7
2.2452564e-7
2.2256742e-7
2.226361e-7
2.2401629e-7
2.2291762e-7
2.2340917e-7
2.238809e-7
2.256435e-7
2.2472507e-7
2.2394866e-7
2.2480006e-7
2.2410784e-7
2.2345142e-7
2.2463972e-7
2.24062e-7
2.2376736e-7
2.2391922e-7
2.2431574e-7
2.231543e-7
2.2340714e-7
2.2412475e-7
2.237819e-7
2.2360904e-7
2.2409284e-7
2.2460583e-7
2.2322946e-7
2.234351e-7
2.2418355e-7
2.2427591e-7
2.2393814e-7
2.2370638e-7
2.2357078e-7
2.2558928e-7
2.2522983e-7
2.2391636e-7
2.2389455e-7
2.2469311e-7
2.2398923e-7
2.236729e-7
2.235046e-7
2.227133e-7
2.2425164e-7
2.2397805e-7
2.2411884e-7
2.2465758e-7
2.2233921e-7
2.2390257e-7
2.243185e-7
2.2370577e-7
2.2344702e-7
2.2439758e-7
2.2326992e-7
2.2390891e-7
2.2469862e-7
2.2571791e-7
2.2395703e-7
2.2398577e-7
2.2283695e-7
2.2495804e-7
2.2354826e-7
2.2421632e-7
2.2349039e-7
2.236642e-7
2.2392776e-7
2.2407384e-7
2.2313327e-7
2.2430791e-7
2.2424899e-7
2.2436134e-7
2.2296355e-7
2.2460694e-7
2.231111e-7
2.2402334e-7
2.2397072e-7
2.2327589e-7
2.248609e-7
2.2378327e-7
2.248408e-7
2.2381447e-7
2.236375e-7
2.2411099e-7
2.223257e-7
2.2436343e-7
2.2330214e-7
2.2374647e-7
2.2292895e-7
2.2290796e-7
2.2384965e-7
2.23706e-7
2.2290966e-7
2.2314943e-7
2.2388471e-7
2.2528815e-7
2.2388303e-7
2.23972e-7
2.2263629e-7
2.2465231e-7
2.226807e-7
2.2232625e-7
2.2377591e-7
2.2317107e-7
2.2275403e-7
2.23246e-7
2.2307664e-7
2.2341281e-7
2.2549195e-7
2.2424688e-7
2.2371759e-7
2.2383121e-7
2.2422762e-7
2.2401498e-7
2.245413e-7
2.2388903e-7
2.242321e-7
2.2434043e-7
2.2369042e-7
2.2415036e-7
2.2360092e-7
2.2342269e-7
2.2426772e-7
2.2376116e-7
2.2283947e-7
2.2246078e-7
2.249114e-7
2.239037e-7
2.2296773e-7
2.2305261e-7
2.2417254e-7
2.2358066e-7
2.2267439e-7
2.2458332e-7
2.2383578e-7
2.2439535e-7
2.2446147e-7
2.2386504e-7
2.2256143e-7
2.238478e-7
2.2406725e-7
2.236486e-7
2.2378103e-7
2.2363658e-7
2.2417797e-7
2.2261787e-7
2.2374722e-7
2.2330052e-7
2.231932e-7
2.2461757e-7
2.2211502e-7
2.2413096e-7
2.236846e-7
2.2321308e-7
2.2349616e-7
2.2398923e-7
2.2279814e-7
2.2433184e-7
2.2310127e-7
2.2406175e-7
2.2355917e-7
2.2345208e-7
2.2401584e-7
2.2297908e-7
2.2221789e-7
2.2475848e-7
2.2366929e-7
2.2429194e-7
2.2354033e-7
2.2431327e-7
2.2314536e-7
2.2336722e-7
2.2394619e-7
2.2128525e-7
2.2355904e-7
2.2410202e-7
2.2259466e-7
2.2401352e-7
2.2330507e-7
2.2399472e-7
2.2295825e-7
2.24786e-7
2.240813e-7
2.2402894e-7
2.2281094e-7
2.2330177e-7
2.2314711e-7
2.231264e-7
2.2453555e-7
2.2229622e-7
2.2485519e-7
2.232738e-7
2.2371621e-7
2.2347837e-7
2.23805e-7
2.2288968e-7
2.234222e-7
2.2380213e-7
2.2273787e-7
2.2333546e-7
2.242591e-7
2.2236395e-7
2.2411585e-7
2.2455293e-7
2.2286312e-7
2.2414255e-7
2.2297333e-7
2.2392835e-7
2.2341248e-7
2.2330491e-7
2.2278854e-7
2.2213584e-7
2.2378012e-7
2.2425486e-7
2.2332893e-7
2.2400648e-7
2.2357258e-7
2.2358937e-7
2.23174e-7
2.2328302e-7
2.2370843e-7
2.2434618e-7
2.2219982e-7
2.2325413e-7
2.2437563e-7
2.2427544e-7
2.235872e-7
2.2290622e-7
2.2316448e-7
2.2452224e-7
2.2370577e-7
2.2355925e-7
2.2374755e-7
2.2261503e-7
2.2211044e-7
2.2327916e-7
2.2121733e-7
2.2296999e-7
2.2379129e-7
2.2348299e-7
2.2325607e-7
2.2264426e-7
2.2378566e-7
2.2400991e-7
2.2336275e-7
2.2312503e-7
2.2333569e-7
2.2360558e-7
2.2351684e-7
2.2266191e-7
2.22756e-7
2.2329516e-7
2.235775e-7
2.2211634e-7
2.2312427e-7
2.2293912e-7
2.2291876e-7
2.2306098e-7
2.2339786e-7
2.2415342e-7
2.2414613e-7
2.2298397e-7
2.2288475e-7
2.2440845e-7
2.221394e-7
2.2268303e-7
2.2224785e-7
2.2330154e-7
2.2332554e-7
2.2178118e-7
2.2417503e-7
2.218415e-7
2.2286372e-7
2.2259965e-7
2.2252497e-7
2.2355282e-7
2.2341004e-7
2.2248194e-7
2.2280675e-7
2.2333842e-7
2.2217465e-7
2.2414959e-7
2.224288e-7
2.2371712e-7
2.2371313e-7
2.2438853e-7
2.2468768e-7
2.2300847e-7
2.2402581e-7
2.2245818e-7
2.2263826e-7
2.234626e-7
2.233731e-7
2.236874e-7
2.2175138e-7
2.2356305e-7
2.2287978e-7
2.2326337e-7
2.223171e-7
2.2360821e-7
2.2432536e-7
2.2272165e-7
2.2332009e-7
2.227794e-7
2.2238686e-7
2.2389264e-7
2.2226226e-7
2.2316456e-7
2.2368523e-7
2.2335107e-7
2.2459756e-7
2.2314755e-7
2.2292976e-7
2.2312717e-7
2.2220367e-7
2.2353018e-7
2.2512943e-7
2.2269187e-7
2.241185e-7
2.2342411e-7
2.2469855e-7
2.2378195e-7
2.220036e-7
2.2232413e-7
2.2384044e-7
2.227827e-7
2.2297404e-7
2.2369292e-7
2.2325126e-7
2.2287108e-7
2.2320079e-7
2.2207601e-7
2.2348209e-7
2.2304222e-7
2.237157e-7
2.237872e-7
2.2236476e-7
2.2320327e-7
2.2383631e-7
2.2296004e-7
2.2321878e-7
2.23601e-7
2.22603e-7
2.2308676e-7
2.2288683e-7
2.2325246e-7
2.2294482e-7
2.232026e-7
2.2338416e-7
2.2325908e-7
2.2209693e-7
2.2319207e-7
2.2286612e-7
2.2276478e-7
2.2390796e-7
2.2269033e-7
2.2360551e-7
2.2318783e-7
2.2350598e-7
2.2317465e-7
2.2212173e-7
2.2382048e-7
2.238224e-7
2.229935e-7
2.2264265e-7
2.2377833e-7
2.2358286e-7
2.236218e-7
2.2398312e-7
2.2243385e-7
2.2337474e-7
2.2315109e-7
2.2374645e-7
2.2279133e-7
2.2297831e-7
2.2301498e-7
2.2301687e-7
2.2385322e-7
2.2257454e-7
2.2370905e-7
2.2264473e-7
2.2325383e-7
2.2378846e-7
2.224987e-7
2.2201158e-7
2.2319205e-7
2.2342739e-7
2.2339962e-7
2.2284144e-7
2.2336165e-7
2.23858e-7
2.2298893e-7
2.2365445e-7
2.222378e-7
2.2339132e-7
2.2288518e-7
2.2358014e-7
2.2336958e-7
2.23591e-7
2.2254382e-7
2.22865e-7
2.2343738e-7
2.2274008e-7
2.235521e-7
2.2237694e-7
2.2218045e-7
2.2285028e-7
2.2381877e-7
2.2178595e-7
2.2325385e-7
2.2294952e-7
2.230401e-7
2.2395918e-7
2.2330705e-7
2.2245783e-7
2.2252301e-7
2.2297847e-7
2.2412533e-7
2.2360935e-7
2.2229418e-7
2.2253526e-7
2.2404642e-7
2.2320229e-7
2.2276582e-7
2.2222234e-7
2.2297587e-7
2.2278711e-7
2.2334949e-7
2.2397673e-7
2.2367512e-7
2.2182384e-7
2.225227e-7
2.2344427e-7
2.2310373e-7
2.2491189e-7
2.230698e-7
2.2206176e-7
2.2313259e-7
2.2479175e-7
2.2386321e-7
2.2151607e-7
2.2256013e-7
2.2351183e-7
2.2262509e-7
2.2313453e-7
2.2315427e-7
2.2230444e-7
2.2289605e-7
2.2299913e-7
2.231742e-7
2.2296568e-7
2.227012e-7
2.2253215e-7
2.223754e-7
2.2373857e-7
2.2343028e-7
2.2295778e-7
2.2274206e-7
2.235434e-7
2.2317587e-7
2.2332047e-7
2.2329424e-7
2.2273016e-7
2.2290133e-7
2.238704e-7
2.2306874e-7
2.2270517e-7
2.2264805e-7
2.2300782e-7
2.2336994e-7
2.219128e-7
2.2301167e-7
2.231062e-7
2.2306878e-7
2.23562e-7
2.2257976e-7
2.2304616e-7
2.2287252e-7
2.2378629e-7
2.2201169e-7
2.2223928e-7
2.2243461e-7
2.2214464e-7
2.2452308e-7
2.2242823e-7
2.2335811e-7
2.2260899e-7
2.2284935e-7
2.2220384e-7
2.232885e-7
2.2358606e-7
2.223296e-7
2.2286801e-7
2.2259864e-7
2.2287148e-7
2.2310469e-7
2.225989e-7
2.222689e-7
2.2273765e-7
2.237369e-7
2.2328614e-7
2.2119751e-7
2.2352748e-7
2.2326812e-7
2.2339194e-7
2.2310506e-7
2.2213804e-7
2.2335142e-7
2.2236956e-7
2.2280709e-7
2.2293995e-7
2.2271936e-7
2.2287422e-7
2.2322384e-7
2.2184206e-7
2.2280317e-7
2.2351824e-7
2.2296466e-7
2.232123e-7
2.2293479e-7
2.2170933e-7
2.2291265e-7
2.230832e-7
2.2424143e-7
2.2383915e-7
2.2145633e-7
2.2301192e-7
2.2315926e-7
2.2203496e-7
2.2203267e-7
2.2335487e-7
2.224849e-7
2.2376143e-7
2.22485e-7
2.225206e-7
2.2221859e-7
2.2133999e-7
2.2330842e-7
2.2301612e-7
2.2213663e-7
2.2246606e-7
2.2259964e-7
2.2259923e-7
2.2319655e-7
2.2347757e-7
2.2329783e-7
2.2336211e-7
2.2241235e-7
2.2317907e-7
2.2261685e-7
2.2123895e-7
2.2174916e-7
2.2433132e-7
2.2289261e-7
2.2346036e-7
2.240588e-7
2.2200523e-7
2.2224614e-7
2.2533463e-7
2.2313355e-7
2.2233267e-7
2.2170727e-7
2.226416e-7
2.2198881e-7
2.2305967e-7
2.214435e-7
2.2333384e-7
2.2215586e-7
2.2078567e-7
2.2399941e-7
2.2241102e-7
2.231053e-7
2.2336522e-7
2.217835e-7
2.2364807e-7
2.2247266e-7
2.2214999e-7
2.2332938e-7
2.2324787e-7
2.2184696e-7
2.2226571e-7
2.2225142e-7
2.2355646e-7
2.2183042e-7
2.2313165e-7
2.2214813e-7
2.230947e-7
2.2347318e-7
2.2311829e-7
2.2267852e-7
2.2246961e-7
2.229489e-7
2.2236466e-7
2.2317111e-7
2.2188166e-7
2.219819e-7
2.2298715e-7
2.229729e-7
2.2278884e-7
2.2319807e-7
2.2173643e-7
2.2316964e-7
2.2239135e-7
2.2403596e-7
2.2245719e-7
2.2260109e-7
2.2320542e-7
2.2267824e-7
2.2364765e-7
2.2295339e-7
2.217192e-7
2.2366486e-7
2.2293457e-7
2.2233147e-7
2.2198181e-7
2.2202305e-7
2.2294125e-7
2.2059686e-7
2.2225909e-7
2.2257727e-7
2.2301845e-7
2.2292464e-7
2.2271799e-7
2.2288825e-7
2.2370897e-7
2.2231086e-7
2.2132687e-7
2.2264275e-7
2.23392e-7
2.2219325e-7
2.2248427e-7
2.2233e-7
2.2244272e-7
2.2265715e-7
2.23026e-7
2.2237346e-7
2.230825e-7
2.2179947e-7
2.2284809e-7
2.2275785e-7
2.2246995e-7
2.2312733e-7
2.2239617e-7
2.230977e-7
2.21988e-7
2.2236823e-7
2.238475e-7
2.2217053e-7
2.2199785e-7
2.2290327e-7
2.2299223e-7
2.2292545e-7
2.2288609e-7
2.216516e-7
2.2370288e-7
2.2294223e-7
2.2209866e-7
2.231488e-7
2.2234971e-7
2.2355158e-7
2.2348658e-7
2.2231333e-7
2.2166338e-7
2.217586e-7
2.2348586e-7
2.2296362e-7
2.2166932e-7
2.2323836e-7
2.2247053e-7
2.216833e-7
2.2306578e-7
2.228256e-7
2.2272597e-7
2.2237478e-7
2.2281628e-7
2.2205687e-7
2.2303074e-7
2.2251079e-7
2.2244713e-7
2.230089e-7
2.222532e-7
2.2216729e-7
2.2206949e-7
2.2315774e-7
2.2270015e-7
2.2192785e-7
2.2188297e-7
2.2272624e-7
2.2351838e-7
2.2201277e-7
2.2142137e-7
2.2272448e-7
2.2136696e-7
2.225634e-7
2.2242637e-7
2.2258759e-7
2.2279336e-7
2.2242955e-7
2.2334095e-7
2.2362556e-7
2.22459e-7
2.219694e-7
2.232341e-7
2.2178999e-7
2.2126517e-7
2.2300748e-7
2.2273095e-7
2.2287593e-7
2.2242315e-7
2.2246965e-7
2.2126835e-7
2.2179977e-7
2.2298774e-7
2.2103401e-7
2.2284989e-7
2.2186325e-7
2.2343623e-7
2.2317263e-7
2.2277378e-7
2.2320296e-7
2.2298653e-7
2.2251652e-7
2.2308701e-7
2.23283e-7
2.2356845e-7
2.230639e-7
2.22363e-7
2.2215e-7
2.2060672e-7
2.2218481e-7
2.2356132e-7
2.2263615e-7
2.224002e-7
2.2265408e-7
2.2138941e-7
2.2203167e-7
2.232014e-7
2.2244792e-7
2.2283126e-7
2.2153587e-7
2.2105273e-7
2.2298569e-7
2.2167042e-7
2.2258959e-7
2.2219137e-7
2.2332992e-7
2.2244502e-7
2.228624e-7
2.221801e-7
2.2280054e-7
2.2225088e-7
2.2170474e-7
2.2348149e-7
2.2296567e-7
2.2227651e-7
2.2115881e-7
2.2145842e-7
2.2178472e-7
2.2329601e-7
2.222001e-7
2.220793e-7
2.2291198e-7
2.22745e-7
2.2214192e-7
2.225133e-7
2.2191035e-7
2.2212215e-7
2.2200746e-7
2.2229783e-7
2.2276423e-7
2.2394208e-7
2.2204632e-7
2.2333735e-7
2.2262847e-7
2.2321014e-7
2.2279993e-7
2.2240697e-7
2.221609e-7
2.224515e-7
2.2154045e-7
2.2254895e-7
2.2289929e-7
2.2190196e-7
2.2166681e-7
2.2169019e-7
2.2192353e-7
2.2174795e-7
2.2183723e-7
2.2063207e-7
2.228146e-7
2.2329863e-7
2.2236574e-7
2.2216835e-7
2.2119573e-7
2.2265317e-7
2.2240681e-7
2.2289625e-7
2.2273028e-7
2.2369026e-7
2.2314899e-7
2.2360285e-7
2.219342e-7
2.2197973e-7
2.2240317e-7
2.2196694e-7
2.229216e-7
2.2172871e-7
2.2171002e-7
2.2258686e-7
2.2138288e-7
2.2326924e-7
2.2215322e-7
2.2139412e-7
2.2151349e-7
2.2276419e-7
2.2161025e-7
2.2265957e-7
2.2252746e-7
2.2297152e-7
2.2280345e-7
2.2225724e-7
2.2325584e-7
2.221943e-7
2.2265075e-7
2.2146163e-7
2.2160673e-7
2.219585e-7
2.2144272e-7
2.2305558e-7
2.2306438e-7
2.2169617e-7
2.22311e-7
2.2230515e-7
2.2296767e-7
2.228181e-7
2.2155702e-7
2.2213388e-7
2.2125192e-7
2.2318997e-7
2.2200645e-7
2.2169222e-7
2.2307302e-7
2.2106285e-7
2.202803e-7
2.221105e-7
2.2160809e-7
2.2118094e-7
2.223969e-7
2.2174038e-7
2.2250471e-7
2.222913e-7
2.2182199e-7
2.2129622e-7
2.2356927e-7
2.2177034e-7
2.2165202e-7
2.2266744e-7
2.2182759e-7
2.2135181e-7
2.2106619e-7
2.2306088e-7
2.2287172e-7
2.2191412e-7
2.2205069e-7
2.2230397e-7
2.2212465e-7
2.2215902e-7
2.2113437e-7
2.2108334e-7
2.2197722e-7
2.2202812e-7
2.214457e-7
2.2213334e-7
2.2138252e-7
2.2318179e-7
2.2204546e-7
2.2116453e-7
2.2214199e-7
2.2161994e-7
2.2179087e-7
2.2170596e-7
2.2218791e-7
2.2086877e-7
2.2154946e-7
2.2041311e-7
2.2156941e-7
2.2252894e-7
2.2223851e-7
2.2338011e-7
2.2186795e-7
2.2271473e-7
2.2147823e-7
2.2156415e-7
2.2140016e-7
2.2140925e-7
2.2198721e-7
2.2277095e-7
2.2237474e-7
2.2133314e-7
2.2311868e-7
2.2234379e-7
2.2309202e-7
2.2133929e-7
2.2137802e-7
2.2108087e-7
2.224363e-7
