9.780106e-7
6.7717684e-7
6.5153125e-7
6.348574e-7
6.148124e-7
6.0399634e-7
5.956403e-7
5.8789624e-7
5.830638e-7
5.737064e-7
5.6872426e-7
5.6641255e-7
5.6775724e-7
5.6531076e-7
5.6253793e-7
5.6039624e-7
5.6089584e-7
5.6382316e-7
5.585705e-7
5.577371e-7
5.591868e-7
5.530063e-7
5.5396663e-7
5.5560736e-7
5.6321306e-7
5.5581586e-7
5.5707886e-7
5.6031524e-7
5.600134e-7
5.637022e-7
5.601761e-7
5.6220927e-7
5.598128e-7
5.6725366e-7
5.6310625e-7
5.642782e-7
5.7158854e-7
5.682622e-7
5.733649e-7
5.700291e-7
5.7514717e-7
5.7528973e-7
5.7495276e-7
5.7721684e-7
5.695076e-7
5.7125317e-7
5.721618e-7
5.709669e-7
5.766484e-7
5.686933e-7
5.6889985e-7
5.7116694e-7
5.692987e-7
5.701856e-7
5.711035e-7
5.706911e-7
5.74234e-7
5.6883385e-7
5.654781e-7
5.695889e-7
5.64546e-7
5.664992e-7
5.655032e-7
5.6302264e-7
5.6049873e-7
5.617319e-7
5.659052e-7
5.655611e-7
5.622833e-7
5.6257915e-7
5.605779e-7
5.620214e-7
5.6173803e-7
5.5935124e-7
5.607857e-7
5.6740026e-7
5.57306e-7
5.602022e-7
5.5913205e-7
5.6288275e-7
5.555738e-7
5.566131e-7
5.587327e-7
5.6153834e-7
5.535838e-7
5.577204e-7
5.526605e-7
5.5659285e-7
5.545733e-7
5.55981e-7
5.5705425e-7
5.5653777e-7
5.5429564e-7
5.5344395e-7
5.5780504e-7
5.5511566e-7
5.5206874e-7
5.5228685e-7
5.5665134e-7
5.496193e-7
5.492699e-7
5.5537924e-7
5.546218e-7
5.530093e-7
5.492786e-7
5.5090607e-7
5.48409e-7
5.5342184e-7
5.4650906e-7
5.473098e-7
5.4896753e-7
5.516815e-7
5.517553e-7
5.5027544e-7
5.4961566e-7
5.4937254e-7
5.494428e-7
5.450304e-7
5.442733e-7
5.482715e-7
5.489414e-7
5.430364e-7
5.511178e-7
5.465067e-7
5.469847e-7
5.456028e-7
5.431123e-7
5.4490465e-7
5.421825e-7
5.461486e-7
5.4326534e-7
5.436277e-7
5.4603595e-7
5.4287386e-7
5.4532e-7
5.44906e-7
5.480615e-7
5.407263e-7
5.4521587e-7
5.391809e-7
5.434905e-7
5.4252496e-7
5.4339864e-7
5.4264007e-7
5.451279e-7
5.438135e-7
5.4173574e-7
5.455534e-7
5.4078583e-7
5.4271777e-7
5.3925e-7
5.4187564e-7
5.408322e-7
5.409335e-7
5.4205253e-7
5.3739655e-7
5.346303e-7
5.410998e-7
5.400211e-7
5.387505e-7
5.383538e-7
5.4255065e-7
5.4194214e-7
5.4201394e-7
5.349117e-7
5.405391e-7
5.361603e-7
5.385808e-7
5.3947207e-7
5.339173e-7
5.367578e-7
5.399997e-7
5.380588e-7
5.363743e-7
5.338079e-7
5.393585e-7
5.363877e-7
5.371636e-7
5.36649e-7
5.3300664e-7
5.364279e-7
5.3825124e-7
5.383799e-7
5.340481e-7
5.37693e-7
5.3608335e-7
5.328438e-7
5.3530636e-7
5.383655e-7
5.32896e-7
5.330905e-7
5.3036956e-7
5.3534694e-7
5.3139746e-7
5.33727e-7
5.332332e-7
5.37123e-7
5.344088e-7
5.3418916e-7
5.3362163e-7
5.291841e-7
5.3621466e-7
5.3507335e-7
5.321051e-7
5.321777e-7
5.35354e-7
5.334258e-7
5.317408e-7
5.354563e-7
5.3499133e-7
5.295902e-7
5.326787e-7
5.363012e-7
5.3541e-7
5.31586e-7
5.301325e-7
5.298307e-7
5.33711e-7
5.283752e-7
5.316995e-7
5.308777e-7
5.338422e-7
5.3243406e-7
5.292797e-7
5.310244e-7
5.3040566e-7
5.2741984e-7
5.3151626e-7
5.2909877e-7
5.3254126e-7
5.340876e-7
5.288776e-7
5.307147e-7
5.3281565e-7
5.3139956e-7
5.2969875e-7
5.2895695e-7
5.3029885e-7
5.2956193e-7
5.275202e-7
5.290518e-7
5.2615826e-7
5.292597e-7
5.2711147e-7
5.2543396e-7
5.293177e-7
5.2760697e-7
5.270023e-7
5.304388e-7
5.302619e-7
5.303013e-7
5.2811106e-7
5.2773396e-7
5.3009e-7
5.284515e-7
5.277128e-7
5.2567145e-7
5.294279e-7
5.27178e-7
5.260523e-7
5.2410263e-7
5.2646146e-7
5.2676654e-7
5.265824e-7
5.256906e-7
5.2665854e-7
5.278033e-7
5.2541594e-7
5.287608e-7
5.262948e-7
5.280901e-7
5.252924e-7
5.2477117e-7
5.245092e-7
5.266208e-7
5.268841e-7
5.265091e-7
5.270306e-7
5.226186e-7
5.2682395e-7
5.243778e-7
5.258877e-7
5.213399e-7
5.259568e-7
5.238373e-7
5.263372e-7
5.269204e-7
5.2487684e-7
5.232822e-7
5.2302954e-7
5.2357007e-7
5.262015e-7
5.2793416e-7
5.231426e-7
5.2288766e-7
5.2424133e-7
5.226533e-7
5.242042e-7
5.218919e-7
5.19409e-7
5.252124e-7
5.243129e-7
5.220967e-7
5.2710715e-7
5.2385315e-7
5.236471e-7
5.2516134e-7
5.209397e-7
5.2758037e-7
5.257164e-7
5.2147533e-7
5.224337e-7
5.232119e-7
5.206107e-7
5.190094e-7
5.2231684e-7
5.214777e-7
5.183082e-7
5.2417624e-7
5.2370603e-7
5.243411e-7
5.2000183e-7
5.226485e-7
5.1979913e-7
5.1868057e-7
5.24649e-7
5.211458e-7
5.2065985e-7
5.2240796e-7
5.2742365e-7
5.2189796e-7
5.19123e-7
5.205307e-7
5.191179e-7
5.2744235e-7
5.155208e-7
5.197728e-7
5.2087637e-7
5.2201625e-7
5.198278e-7
5.2044555e-7
5.227879e-7
5.1876145e-7
5.2257025e-7
5.192144e-7
5.221977e-7
5.2327033e-7
5.2206144e-7
5.167764e-7
5.168838e-7
5.172245e-7
5.1494294e-7
5.173858e-7
5.220892e-7
5.1911695e-7
5.205696e-7
5.2268746e-7
5.181795e-7
5.197805e-7
5.1980896e-7
5.17185e-7
5.174824e-7
5.1828215e-7
5.1973717e-7
5.1833405e-7
5.1962365e-7
5.178846e-7
5.190405e-7
5.173443e-7
5.197318e-7
5.168878e-7
5.1856983e-7
5.220987e-7
5.19945e-7
5.182252e-7
5.200929e-7
5.1666836e-7
5.186113e-7
5.1666046e-7
5.213288e-7
5.1599164e-7
5.161795e-7
5.229116e-7
5.1478406e-7
5.1809e-7
5.1717194e-7
5.1664193e-7
5.152948e-7
5.1718126e-7
5.182595e-7
5.1739323e-7
5.188894e-7
5.160396e-7
5.178577e-7
5.1748776e-7
5.172983e-7
5.18056e-7
5.191529e-7
5.191674e-7
5.201195e-7
5.1871916e-7
5.126026e-7
5.1722054e-7
5.183207e-7
5.1664784e-7
5.163906e-7
5.176465e-7
5.1582794e-7
5.164289e-7
5.154098e-7
5.1756837e-7
5.1473546e-7
5.1564257e-7
5.166049e-7
5.132929e-7
5.1531157e-7
5.147642e-7
5.1595913e-7
5.200292e-7
5.1814027e-7
5.1657855e-7
5.148018e-7
5.1941703e-7
5.159099e-7
5.146815e-7
5.1501246e-7
5.151686e-7
5.1036625e-7
5.1415185e-7
5.1763266e-7
5.124673e-7
5.1921137e-7
5.154118e-7
5.176801e-7
5.1988076e-7
5.133101e-7
5.1212476e-7
5.179497e-7
5.1607594e-7
5.1400434e-7
5.1772776e-7
5.14386e-7
5.1550666e-7
5.1448916e-7
5.146639e-7
5.1504264e-7
5.151905e-7
5.1400684e-7
5.1804585e-7
5.136786e-7
5.145904e-7
5.18009e-7
5.1505305e-7
5.1475496e-7
5.131101e-7
5.1156763e-7
5.1596436e-7
5.1828624e-7
5.1175243e-7
5.160792e-7
5.143737e-7
5.1333e-7
5.12147e-7
5.14151e-7
5.1283007e-7
5.1573164e-7
5.121682e-7
5.0998983e-7
5.138182e-7
5.152961e-7
5.1419437e-7
5.1452304e-7
5.1591326e-7
5.169553e-7
5.189895e-7
5.116323e-7
5.110601e-7
5.149874e-7
5.1409097e-7
5.143833e-7
5.161351e-7
5.1337196e-7
5.1506703e-7
5.122094e-7
5.1261e-7
5.1162294e-7
5.138105e-7
5.1683264e-7
5.1537376e-7
5.117543e-7
5.1253727e-7
5.123318e-7
5.111843e-7
5.1314544e-7
5.126832e-7
5.150938e-7
5.141108e-7
5.162048e-7
5.1270837e-7
5.109738e-7
5.1632674e-7
5.0935057e-7
5.1394926e-7
5.1184486e-7
5.150638e-7
5.0884836e-7
5.0940946e-7
5.1214784e-7
5.119545e-7
5.1341607e-7
5.136606e-7
5.081284e-7
5.1405874e-7
5.129082e-7
5.102619e-7
5.1452184e-7
5.166744e-7
5.1147293e-7
5.1243353e-7
5.11723e-7
5.1136686e-7
5.13098e-7
5.160747e-7
5.1628194e-7
5.1205234e-7
5.143105e-7
5.1901833e-7
5.135439e-7
5.1475894e-7
5.176282e-7
5.125096e-7
5.146135e-7
5.1261344e-7
5.1514513e-7
5.123465e-7
5.148765e-7
5.1375093e-7
5.156628e-7
5.1409984e-7
5.120026e-7
5.1135237e-7
5.1301066e-7
5.119772e-7
5.12099e-7
5.100753e-7
5.1273105e-7
5.1323207e-7
5.1101335e-7
5.163985e-7
5.1126364e-7
5.115026e-7
5.120518e-7
5.112008e-7
5.1304426e-7
5.1573534e-7
5.091951e-7
5.1375105e-7
5.12199e-7
5.1142104e-7
5.160838e-7
5.146381e-7
5.178233e-7
5.0717665e-7
5.144946e-7
5.131582e-7
5.1190113e-7
5.1059817e-7
5.122038e-7
5.11206e-7
5.1117854e-7
5.1421625e-7
5.1485466e-7
5.1518293e-7
5.098041e-7
5.1245297e-7
5.124374e-7
5.116388e-7
5.113123e-7
5.132981e-7
5.148411e-7
5.1472404e-7
5.123841e-7
5.121054e-7
5.150064e-7
5.1836076e-7
5.106702e-7
5.0986876e-7
5.105384e-7
5.098193e-7
5.090939e-7
5.1585243e-7
5.1217927e-7
5.111279e-7
5.146451e-7
5.1134714e-7
5.0970993e-7
5.1367175e-7
5.139551e-7
5.0666546e-7
5.150329e-7
5.1195383e-7
5.17048e-7
5.1235776e-7
5.1097675e-7
5.124099e-7
5.0603745e-7
5.120092e-7
5.1317227e-7
5.1302743e-7
5.1332034e-7
5.0854754e-7
5.0964815e-7
5.128705e-7
5.1269814e-7
5.1381124e-7
5.075715e-7
5.1108884e-7
5.1321393e-7
5.1356824e-7
5.1124596e-7
5.1361604e-7
5.1126653e-7
5.1042184e-7
5.1127495e-7
5.135495e-7
5.1247196e-7
5.158653e-7
5.12111e-7
5.1373826e-7
5.0883693e-7
5.132059e-7
5.1541355e-7
5.1552684e-7
5.091275e-7
5.1374275e-7
5.0849474e-7
5.101682e-7
5.108137e-7
5.133059e-7
5.1235156e-7
5.077898e-7
5.087193e-7
5.091114e-7
5.083738e-7
5.1182934e-7
5.111432e-7
5.112038e-7
5.0895176e-7
5.1476843e-7
5.132067e-7
5.133463e-7
5.132435e-7
5.112713e-7
5.112312e-7
5.092653e-7
5.064293e-7
5.128715e-7
5.1384137e-7
5.1331153e-7
5.1056253e-7
5.1126807e-7
5.1304477e-7
5.072391e-7
5.1134083e-7
5.1125716e-7
5.130947e-7
5.15089e-7
5.0965417e-7
5.0760156e-7
5.1109964e-7
5.119213e-7
5.09857e-7
5.113215e-7
5.1240056e-7
5.09354e-7
5.0749753e-7
5.0915645e-7
5.1328885e-7
5.0733564e-7
5.1015957e-7
5.088694e-7
5.0792266e-7
5.1015957e-7
5.0883335e-7
5.0926934e-7
5.135113e-7
5.135617e-7
5.1720775e-7
5.1161805e-7
5.129159e-7
5.153749e-7
5.1388827e-7
5.075797e-7
5.145018e-7
5.132795e-7
5.095375e-7
5.088012e-7
5.099666e-7
5.110648e-7
5.149314e-7
5.1049284e-7
5.085452e-7
5.080236e-7
5.1103774e-7
5.0629956e-7
5.099693e-7
5.091462e-7
5.130159e-7
5.145626e-7
5.091752e-7
5.1017713e-7
5.1020663e-7
5.1031157e-7
5.093524e-7
5.1085675e-7
5.112158e-7
5.1311e-7
5.1175414e-7
5.1211157e-7
5.093429e-7
5.066783e-7
5.105122e-7
5.086297e-7
5.0817846e-7
5.0893357e-7
5.0963945e-7
5.106814e-7
5.119927e-7
5.057596e-7
5.120388e-7
5.1038614e-7
5.1018606e-7
5.1220945e-7
5.069997e-7
5.094273e-7
5.084882e-7
5.0716426e-7
5.138708e-7
5.1176414e-7
5.082296e-7
5.0900576e-7
5.12146e-7
5.0990155e-7
5.0702283e-7
5.082428e-7
5.100693e-7
5.0717887e-7
5.1024676e-7
5.116833e-7
5.113061e-7
5.1401224e-7
5.094408e-7
5.0904293e-7
5.101187e-7
5.1585073e-7
5.12842e-7
5.1228096e-7
5.106714e-7
5.12273e-7
5.089841e-7
5.1028155e-7
5.076679e-7
5.0885683e-7
5.0977826e-7
5.082525e-7
5.122416e-7
5.0862906e-7
5.0935984e-7
5.1121265e-7
5.085213e-7
5.111903e-7
5.0861917e-7
5.0926093e-7
5.1358296e-7
5.0841265e-7
5.069512e-7
5.107147e-7
5.0681643e-7
5.1064654e-7
5.105259e-7
5.0495976e-7
5.125534e-7
5.068445e-7
5.067056e-7
5.1198543e-7
5.067025e-7
5.107677e-7
5.082008e-7
5.0735196e-7
5.119092e-7
5.07411e-7
5.1123084e-7
5.1348394e-7
5.115831e-7
5.071368e-7
5.1365953e-7
5.093791e-7
5.110775e-7
5.0812974e-7
5.073727e-7
5.08348e-7
5.0552643e-7
5.0856073e-7
5.0945874e-7
5.0870915e-7
5.079437e-7
5.1099653e-7
5.0404464e-7
5.103936e-7
5.123824e-7
5.098012e-7
5.0878054e-7
5.1193905e-7
5.0946886e-7
5.099768e-7
5.112077e-7
5.1141325e-7
5.096685e-7
5.1010113e-7
5.099931e-7
5.1173254e-7
5.083972e-7
5.0981777e-7
5.098368e-7
5.085649e-7
5.1062176e-7
5.0923376e-7
5.111898e-7
5.0980776e-7
5.0928605e-7
5.078314e-7
5.0998244e-7
5.047463e-7
5.0640523e-7
5.068248e-7
5.065732e-7
5.0753493e-7
5.0983596e-7
5.0935637e-7
5.122653e-7
5.074391e-7
5.057459e-7
5.078841e-7
5.102799e-7
5.054414e-7
5.076131e-7
5.114023e-7
5.083268e-7
5.1242495e-7
5.0459806e-7
5.0880345e-7
5.079243e-7
5.082411e-7
5.107198e-7
5.088894e-7
5.0967054e-7
5.1108674e-7
5.049514e-7
5.1307194e-7
5.08065e-7
5.1059345e-7
5.057492e-7
5.1163283e-7
5.076896e-7
5.080761e-7
5.107197e-7
5.0752124e-7
5.1157247e-7
5.059016e-7
5.0869636e-7
5.099262e-7
5.0439337e-7
5.073547e-7
5.1200885e-7
5.0900275e-7
5.124272e-7
5.1006305e-7
5.0746297e-7
5.068054e-7
5.0694615e-7
5.1036784e-7
5.069566e-7
5.097481e-7
5.0797337e-7
5.1353356e-7
5.0782637e-7
5.069682e-7
5.05727e-7
5.0838406e-7
5.080864e-7
5.0651477e-7
5.094039e-7
5.100613e-7
5.071072e-7
5.082015e-7
5.0905237e-7
5.10546e-7
5.0839327e-7
5.112328e-7
5.099263e-7
5.0533606e-7
5.064338e-7
5.0692046e-7
5.102322e-7
5.07048e-7
5.0902463e-7
5.104887e-7
5.092163e-7
5.123738e-7
5.050616e-7
5.106479e-7
5.042019e-7
5.0655456e-7
5.095218e-7
5.09643e-7
5.0774776e-7
5.116664e-7
5.0890424e-7
5.0538944e-7
5.0560317e-7
5.05929e-7
5.069085e-7
5.0892686e-7
5.0742744e-7
5.0941645e-7
5.075191e-7
5.087955e-7
5.0595315e-7
5.061865e-7
5.145765e-7
5.0618496e-7
5.1015604e-7
5.078624e-7
5.0735554e-7
5.0929594e-7
5.060454e-7
5.0465724e-7
5.080992e-7
5.097964e-7
5.080879e-7
5.0674527e-7
5.070064e-7
5.03171e-7
5.069984e-7
5.085513e-7
5.117359e-7
5.0574255e-7
5.0605837e-7
5.0617706e-7
5.0881187e-7
5.087583e-7
5.0516263e-7
5.1116996e-7
5.0862513e-7
5.109403e-7
5.0255767e-7
5.07826e-7
5.049407e-7
5.074234e-7
5.0570816e-7
5.076016e-7
5.081781e-7
5.095528e-7
5.081129e-7
5.0631144e-7
5.0465286e-7
5.0846467e-7
5.1202557e-7
5.0510295e-7
5.0600465e-7
5.080221e-7
5.1012836e-7
5.0687726e-7
5.074572e-7
5.0684383e-7
5.076444e-7
5.071437e-7
5.098143e-7
5.068995e-7
5.1161e-7
5.083407e-7
5.0883625e-7
5.06887e-7
5.0588335e-7
5.054633e-7
5.074691e-7
5.0805073e-7
5.069924e-7
5.057315e-7
5.075571e-7
5.084682e-7
5.0610987e-7
5.090558e-7
5.0874826e-7
5.0822376e-7
5.0804e-7
5.045303e-7
5.0378895e-7
5.065246e-7
5.029414e-7
5.0532174e-7
5.052019e-7
5.1193916e-7
5.10882e-7
5.077272e-7
5.0957965e-7
5.06529e-7
5.058421e-7
5.0879385e-7
5.076578e-7
5.0598237e-7
5.0796655e-7
5.0785815e-7
5.049789e-7
5.0486375e-7
5.07227e-7
5.057815e-7
5.0617194e-7
5.0856306e-7
5.088122e-7
5.03404e-7
5.048878e-7
5.0730904e-7
5.0760525e-7
5.0674095e-7
5.0576347e-7
5.0738174e-7
5.144938e-7
5.0960796e-7
5.0648214e-7
5.055495e-7
5.0937365e-7
5.078259e-7
5.0621355e-7
5.062737e-7
5.034018e-7
5.074504e-7
5.0795325e-7
5.080438e-7
5.078211e-7
5.0076517e-7
5.0469646e-7
5.0915867e-7
5.0474233e-7
5.054134e-7
5.068866e-7
5.0525387e-7
5.069802e-7
5.091133e-7
5.1314254e-7
5.0630143e-7
5.0639613e-7
5.031607e-7
5.0963587e-7
5.050251e-7
5.063193e-7
5.0624345e-7
5.053566e-7
5.074599e-7
5.0783177e-7
5.042647e-7
5.0826924e-7
5.066932e-7
5.077865e-7
5.041264e-7
5.082295e-7
5.038847e-7
5.0729705e-7
5.1009505e-7
5.049228e-7
5.098905e-7
5.065638e-7
5.086641e-7
5.077973e-7
5.0594593e-7
5.0693427e-7
5.025749e-7
5.089033e-7
5.050768e-7
5.059239e-7
5.0463007e-7
5.033739e-7
5.0624175e-7
5.061504e-7
5.028668e-7
5.043408e-7
5.073134e-7
5.1044486e-7
5.059303e-7
5.0638806e-7
5.041613e-7
5.089093e-7
5.048331e-7
5.016315e-7
5.046942e-7
5.0418214e-7
5.0352276e-7
5.041255e-7
5.042312e-7
5.04271e-7
5.107723e-7
5.0724407e-7
5.056602e-7
5.077916e-7
5.0593144e-7
5.077706e-7
5.095092e-7
5.077554e-7
5.083393e-7
5.098063e-7
5.040581e-7
5.067991e-7
5.0602677e-7
5.067209e-7
5.076794e-7
5.0708957e-7
5.0395556e-7
5.004693e-7
5.113348e-7
5.0589506e-7
5.0560124e-7
5.054516e-7
5.08489e-7
5.045179e-7
5.047718e-7
5.071021e-7
5.0488893e-7
5.069741e-7
5.077577e-7
5.0623845e-7
5.0317635e-7
5.0478485e-7
5.084889e-7
5.059919e-7
5.071645e-7
5.0631115e-7
5.077203e-7
5.020189e-7
5.0546123e-7
5.037673e-7
5.020173e-7
5.086304e-7
4.998175e-7
5.08897e-7
5.057535e-7
5.058804e-7
5.070305e-7
5.070313e-7
5.019838e-7
5.08145e-7
5.0631496e-7
5.0677113e-7
5.0699555e-7
5.057392e-7
5.072248e-7
5.033413e-7
5.021083e-7
5.0853e-7
5.0542224e-7
5.068473e-7
5.0433175e-7
5.081615e-7
5.042283e-7
5.0554394e-7
5.068807e-7
5.0008174e-7
5.049359e-7
5.079845e-7
5.031735e-7
5.077169e-7
5.0663795e-7
5.066756e-7
5.0145997e-7
5.0885967e-7
5.073767e-7
5.0532674e-7
5.017072e-7
5.048159e-7
5.044516e-7
5.046856e-7
5.085005e-7
5.0429907e-7
5.0909e-7
5.0495385e-7
5.0698947e-7
5.034359e-7
5.06421e-7
5.033725e-7
5.036725e-7
5.0627193e-7
5.033239e-7
5.036293e-7
5.089748e-7
5.018931e-7
5.0804283e-7
5.074739e-7
5.027292e-7
5.0763435e-7
5.0391856e-7
5.078124e-7
5.0503166e-7
5.046673e-7
5.0313105e-7
5.013919e-7
5.062492e-7
5.073522e-7
5.042051e-7
5.055046e-7
5.0661623e-7
5.062873e-7
5.026471e-7
5.039645e-7
5.0600255e-7
5.069084e-7
5.004788e-7
5.0391213e-7
5.0892794e-7
5.0853197e-7
5.0432067e-7
5.015127e-7
5.047574e-7
5.089672e-7
5.047319e-7
5.063489e-7
5.0571566e-7
5.024336e-7
5.015497e-7
5.0134685e-7
4.9946334e-7
5.024951e-7
5.0680626e-7
5.057053e-7
5.029871e-7
5.028062e-7
5.064621e-7
5.0685384e-7
5.043698e-7
5.0406595e-7
5.043628e-7
5.0654415e-7
5.044344e-7
5.012692e-7
5.0356147e-7
5.0396216e-7
5.0434704e-7
5.008407e-7
5.0392333e-7
5.025995e-7
5.019399e-7
5.014336e-7
5.0663317e-7
5.0634935e-7
5.0805386e-7
5.044336e-7
5.019999e-7
5.0641944e-7
5.0029223e-7
5.020177e-7
5.0061277e-7
5.028984e-7
5.045072e-7
4.9810296e-7
5.0812116e-7
4.9795716e-7
5.027955e-7
5.024829e-7
5.003597e-7
5.0612715e-7
5.0411006e-7
5.036159e-7
5.0097236e-7
5.0459676e-7
4.9871693e-7
5.072764e-7
5.0185866e-7
5.0417543e-7
5.0734167e-7
5.094538e-7
5.074802e-7
5.0264975e-7
5.0586556e-7
5.025389e-7
5.0295154e-7
5.041134e-7
5.0675357e-7
5.050199e-7
5.0055905e-7
5.0447346e-7
5.0396824e-7
5.043804e-7
5.0265186e-7
5.0440775e-7
5.0700373e-7
5.037151e-7
5.0259126e-7
5.033409e-7
5.013066e-7
5.073164e-7
5.0291146e-7
5.038073e-7
5.051784e-7
5.052912e-7
5.0882613e-7
5.040798e-7
5.021709e-7
5.043184e-7
5.0077483e-7
5.0524926e-7
5.1114984e-7
5.039168e-7
5.0636544e-7
5.061039e-7
5.0857494e-7
5.0565325e-7
5.000983e-7
5.005185e-7
5.073346e-7
5.0374024e-7
5.020344e-7
5.042579e-7
5.035496e-7
5.025477e-7
5.041767e-7
5.019729e-7
5.030545e-7
5.0437274e-7
5.056602e-7
5.064132e-7
5.023629e-7
5.0364815e-7
5.073493e-7
5.040353e-7
5.039392e-7
5.0570384e-7
5.03331e-7
5.0577563e-7
5.043762e-7
5.0437455e-7
5.0381993e-7
5.0480196e-7
5.049113e-7
5.0507305e-7
5.0312667e-7
5.0474375e-7
5.0460056e-7
5.0321137e-7
5.0614176e-7
5.0185383e-7
5.04482e-7
5.0418214e-7
5.047515e-7
5.0337724e-7
5.022627e-7
5.0646827e-7
5.0537375e-7
5.0419766e-7
5.023111e-7
5.0502774e-7
5.0499654e-7
5.055219e-7
5.0592377e-7
5.0231705e-7
5.054476e-7
5.043895e-7
5.0610527e-7
5.030057e-7
5.023343e-7
5.0413803e-7
5.0351616e-7
5.0648873e-7
5.0360296e-7
5.060779e-7
5.016371e-7
5.048724e-7
5.051306e-7
5.033903e-7
5.0135327e-7
5.0446744e-7
5.0535584e-7
5.048808e-7
5.0354384e-7
5.0346716e-7
5.055868e-7
5.0388684e-7
5.047406e-7
5.003519e-7
5.0499466e-7
5.028097e-7
5.0507714e-7
5.058283e-7
5.0587437e-7
5.014062e-7
5.036022e-7
5.040257e-7
5.0335086e-7
5.0626204e-7
5.0179193e-7
5.0171076e-7
5.0310655e-7
5.0708593e-7
5.012313e-7
5.065451e-7
5.0437734e-7
5.0432556e-7
5.0532117e-7
5.053069e-7
5.018398e-7
5.0222275e-7
5.043918e-7
5.075161e-7
5.0461097e-7
5.0128534e-7
5.0215925e-7
5.0438354e-7
5.0376684e-7
5.042369e-7
5.006039e-7
5.0214305e-7
5.0309404e-7
5.0420505e-7
5.051144e-7
5.040176e-7
5.000279e-7
5.0125055e-7
5.0469583e-7
5.0319477e-7
5.0886706e-7
5.036559e-7
5.0040956e-7
5.0401695e-7
5.0879345e-7
5.0689965e-7
4.994996e-7
5.01792e-7
5.069994e-7
5.042292e-7
5.049854e-7
5.050559e-7
5.016336e-7
5.0181353e-7
5.046533e-7
5.0458226e-7
5.0214123e-7
5.031865e-7
5.0385705e-7
5.015183e-7
5.0580314e-7
5.0487427e-7
5.0367805e-7
5.0377525e-7
5.047541e-7
5.033887e-7
5.0440605e-7
5.0467315e-7
5.0364775e-7
5.0223395e-7
5.0696923e-7
5.0344465e-7
5.034239e-7
5.0330056e-7
5.0491315e-7
5.046763e-7
5.0034413e-7
5.054106e-7
5.051634e-7
5.029993e-7
5.0536266e-7
5.0330976e-7
5.0357977e-7
5.022404e-7
5.064878e-7
4.995824e-7
5.0240385e-7
5.024872e-7
4.9994435e-7
5.092343e-7
5.0198094e-7
5.041325e-7
5.018665e-7
5.0362803e-7
5.0178215e-7
5.0285684e-7
5.050783e-7
5.0202664e-7
5.030246e-7
5.0064057e-7
5.039703e-7
5.045618e-7
5.025432e-7
5.017813e-7
5.0497005e-7
5.044211e-7
5.0508305e-7
4.975753e-7
5.0427235e-7
5.0392407e-7
5.033412e-7
5.029191e-7
5.022528e-7
5.051153e-7
5.0064835e-7
5.0210406e-7
5.039978e-7
5.030891e-7
5.0391805e-7
5.0344016e-7
5.004654e-7
5.021733e-7
5.043284e-7
5.0335285e-7
5.0513773e-7
5.0448807e-7
4.989628e-7
5.030222e-7
5.052896e-7
5.076517e-7
5.0778146e-7
4.970899e-7
5.017143e-7
5.051975e-7
5.014526e-7
5.015319e-7
5.043147e-7
5.021403e-7
5.048902e-7
5.029853e-7
5.0343004e-7
5.018184e-7
5.003464e-7
5.022713e-7
5.035865e-7
4.996256e-7
5.009173e-7
5.0266516e-7
5.0414366e-7
5.0455577e-7
5.046779e-7
5.0511835e-7
5.037953e-7
5.0054445e-7
5.0436176e-7
5.026986e-7
4.988374e-7
4.989612e-7
5.055716e-7
5.0426775e-7
5.0403764e-7
5.0719916e-7
5.0097566e-7
5.014553e-7
5.089775e-7
5.032644e-7
5.0020833e-7
4.9997226e-7
4.999598e-7
5.0001944e-7
5.024356e-7
4.9991183e-7
5.0485096e-7
5.0393174e-7
4.9644757e-7
5.0704415e-7
5.018231e-7
5.0450166e-7
5.034688e-7
4.978319e-7
5.0557304e-7
5.0250617e-7
4.9839355e-7
5.040716e-7
5.047589e-7
5.0097026e-7
5.0057844e-7
5.0036806e-7
5.055063e-7
4.9998704e-7
5.0207103e-7
5.0162765e-7
5.0268466e-7
5.061958e-7
5.021955e-7
5.036116e-7
5.0316197e-7
5.0459465e-7
5.039072e-7
5.049508e-7
5.0007264e-7
5.0010414e-7
5.046008e-7
5.018324e-7
5.0502524e-7
5.038146e-7
5.006454e-7
5.033735e-7
5.013148e-7
5.040333e-7
5.019973e-7
5.019231e-7
5.038562e-7
5.0361507e-7
5.0678943e-7
5.0233234e-7
5.0001927e-7
5.052227e-7
5.0213e-7
5.0272394e-7
5.017968e-7
5.014062e-7
5.026065e-7
4.961714e-7
5.0097395e-7
5.014963e-7
5.0367015e-7
5.0545134e-7
5.0195234e-7
5.0331784e-7
5.046392e-7
5.003046e-7
4.982829e-7
5.020494e-7
5.0503684e-7
5.006938e-7
5.0101494e-7
5.0205716e-7
5.025054e-7
5.024271e-7
5.0323376e-7
5.017857e-7
5.0444794e-7
4.990636e-7
5.0212606e-7
5.020682e-7
5.0187026e-7
5.0354186e-7
5.01457e-7
5.033096e-7
5.007546e-7
5.02873e-7
5.0502484e-7
5.0096565e-7
5.012456e-7
5.025003e-7
5.0286536e-7
5.0463615e-7
5.026623e-7
4.990618e-7
5.0517696e-7
5.03694e-7
5.0027774e-7
5.0486784e-7
5.0160793e-7
5.0292965e-7
5.030159e-7
5.014696e-7
4.985763e-7
4.9810455e-7
5.0438774e-7
5.0445817e-7
5.024087e-7
5.043162e-7
5.015424e-7
4.9966974e-7
5.018858e-7
5.029143e-7
5.030036e-7
5.018377e-7
5.035065e-7
5.0142813e-7
5.0323723e-7
5.0191187e-7
5.018202e-7
5.038372e-7
5.0091654e-7
5.003822e-7
4.9933675e-7
5.053822e-7
5.018158e-7
5.007156e-7
5.018467e-7
5.0398626e-7
5.051111e-7
5.002103e-7
4.9803157e-7
5.043595e-7
4.9658894e-7
5.027388e-7
5.013653e-7
5.034445e-7
5.0225555e-7
5.026224e-7
5.033396e-7
5.0440724e-7
5.0156285e-7
5.0058446e-7
5.0277066e-7
4.993842e-7
4.979313e-7
5.028175e-7
5.0220916e-7
5.0254846e-7
5.029851e-7
5.0165306e-7
4.998224e-7
5.006129e-7
5.045295e-7
4.96613e-7
5.051388e-7
4.9821404e-7
5.0512966e-7
5.0482134e-7
5.005108e-7
5.044112e-7
5.035142e-7
5.013741e-7
5.024729e-7
5.029764e-7
5.0319784e-7
5.053329e-7
5.0201874e-7
5.011828e-7
4.953802e-7
4.993339e-7
5.034495e-7
5.036107e-7
5.002767e-7
5.0232273e-7
5.0095196e-7
5.0008606e-7
5.04528e-7
5.015202e-7
5.033012e-7
4.9942815e-7
4.982643e-7
5.016113e-7
5.0122173e-7
5.010888e-7
5.0114596e-7
5.037763e-7
5.028969e-7
5.0195695e-7
5.000253e-7
5.0372705e-7
5.0104006e-7
5.000428e-7
5.051798e-7
5.028534e-7
5.012105e-7
4.9889104e-7
4.9981423e-7
4.9884943e-7
5.049331e-7
5.007724e-7
5.004573e-7
5.0284757e-7
5.018066e-7
4.9971817e-7
5.0196945e-7
5.0044366e-7
5.001939e-7
4.987796e-7
5.0018605e-7
5.000859e-7
5.0753533e-7
5.0010675e-7
5.0443714e-7
5.02797e-7
5.0317743e-7
5.023093e-7
5.005703e-7
5.0097105e-7
5.0056326e-7
4.9891094e-7
5.0277447e-7
5.0266516e-7
4.99785e-7
4.995537e-7
5.0135156e-7
4.9988967e-7
4.9836643e-7
4.989914e-7
4.973593e-7
5.034354e-7
5.034386e-7
5.016466e-7
5.019522e-7
4.980955e-7
5.021834e-7
5.0186094e-7
5.0287184e-7
5.0318636e-7
5.053154e-7
5.044514e-7
5.023185e-7
4.998311e-7
4.9936074e-7
5.005821e-7
4.988358e-7
5.032004e-7
4.9916355e-7
4.9800894e-7
5.0076153e-7
4.989662e-7
5.0474677e-7
5.012848e-7
4.98771e-7
4.983783e-7
5.008354e-7
4.994456e-7
5.0097424e-7
5.0272394e-7
5.0326605e-7
5.018479e-7
5.0058964e-7
5.0300105e-7
5.005003e-7
5.023316e-7
5.0013006e-7
4.979385e-7
4.9904577e-7
5.0123646e-7
5.039493e-7
5.0459164e-7
4.994616e-7
5.016003e-7
5.021701e-7
5.020681e-7
5.0083366e-7
4.981352e-7
4.996778e-7
4.976017e-7
5.0328464e-7
4.9931214e-7
4.997487e-7
5.0380777e-7
4.9578296e-7
4.944451e-7
5.007835e-7
4.974346e-7
4.976219e-7
5.0144354e-7
4.996108e-7
5.036926e-7
5.016448e-7
4.988208e-7
4.983695e-7
5.0399433e-7
4.9898614e-7
4.986641e-7
5.0145246e-7
4.988643e-7
4.9734143e-7
4.982808e-7
5.026016e-7
5.041517e-7
4.9876525e-7
4.984376e-7
5.0087124e-7
5.0113005e-7
4.98487e-7
4.967536e-7
4.9709104e-7
4.9855385e-7
5.001607e-7
4.986723e-7
4.984721e-7
4.9716243e-7
5.025477e-7
4.9821165e-7
4.979483e-7
5.0136515e-7
4.988694e-7
4.981509e-7
4.9874706e-7
5.008789e-7
4.9640175e-7
4.9801577e-7
4.957113e-7
4.9758137e-7
5.018244e-7
5.005833e-7
5.041622e-7
4.985935e-7
5.030762e-7
4.9519423e-7
4.989489e-7
4.9811166e-7
4.965741e-7
5.01221e-7
5.0156746e-7
4.9916184e-7
4.978378e-7
5.0251464e-7
4.9949415e-7
5.0173736e-7
4.975766e-7
4.9734865e-7
4.979063e-7
5.0108275e-7
