0.048504837
0.08362273
0.10990579
0.12412047
0.13267599
0.14049713
0.14838478
0.15592961
0.1655806
0.17576541
0.18654437
0.19892572
0.20551845
0.2127757
0.22558038
0.23098464
0.24355875
0.2502372
0.25978473
0.2709884
0.28799745
0.30421418
0.30830595
0.31024143
0.31047982
0.31129676
0.31870055
0.31491926
0.315351
0.32065085
0.32289582
0.3192884
0.31880867
0.32180822
0.32619894
0.32727346
0.3257806
0.3245173
0.32770443
0.329338
0.32813567
0.32770061
0.3317885
0.33173895
0.33269715
0.32980293
0.33346975
0.33176497
0.3348645
0.33324364
0.33356526
0.33260882
0.33780286
0.337472
0.3344548
0.33591944
0.3380147
0.33904994
0.33683413
0.33737582
0.33782232
0.33799538
0.33838323
0.3391799
0.33975464
0.34063664
0.34048322
0.3396663
0.34071103
0.33881253
0.3405984
0.34151375
0.34399658
0.34044695
0.34091815
0.34251446
0.34214875
0.34056067
0.3420989
0.341518
0.34323207
0.34204024
0.34176862
0.34174958
0.34140337
0.34621376
0.34562433
0.3424537
0.34499657
0.34459803
0.34550154
0.34547108
0.3454808
0.34580407
0.3446308
0.3459401
0.3463597
0.34696153
0.34386504
0.34400553
0.3464192
0.34767938
0.34315592
0.3459128
0.34687078
0.34835026
0.34425876
0.35004634
0.34779856
0.3473624
0.34958982
0.3464601
0.35106865
0.34789658
0.34635088
0.34761772
0.34615746
0.3476832
0.34426862
0.35053346
0.34829572
0.34958237
0.34682852
0.3492416
0.34983942
0.3459101
0.34835255
0.3484256
0.34715793
0.3490343
0.3458013
