0.55616903
0.5220223
0.50212467
0.50587744
0.4991337
0.49106216
0.49491513
0.48977685
0.4884873
0.49120504
0.48853192
0.48848975
0.48588702
0.4895365
0.47788936
0.48135725
0.48335326
0.48454207
0.4830621
0.48436376
0.48826045
0.47872573
0.47785008
0.48517644
0.47823355
0.4783616
0.4798632
0.47652617
0.47281668
0.47010416
0.4786958
0.46852618
0.4726721
0.46474794
0.46545154
0.4657087
0.46414873
0.4674947
0.46312407
0.46545553
0.46882644
0.46480203
0.46259686
0.47199985
0.46221814
0.46551803
0.45990115
0.46744275
0.46343893
0.46259066
0.46280295
0.46095443
0.46320474
0.4603114
0.46552327
0.45838344
0.45956245
0.46292663
0.46121335
0.46134514
0.45722666
0.46068722
0.46129715
0.4589728
0.46369275
0.45633814
0.45385653
0.4580935
0.4635554
0.45478782
0.46160334
0.4614039
0.45745993
0.45959374
0.459844
0.4584108
0.4579729
0.45458072
0.45796105
0.45980695
0.4590634
0.45995152
0.4516783
0.45298007
0.4544517
0.45708975
0.45317078
0.4615372
0.45384943
0.46067834
0.45867604
0.46029735
0.45483306
0.45511332
0.45337185
0.46156844
0.4506338
0.45893544
0.45385665
0.45207655
0.45517346
0.4577634
0.4494665
0.4576899
0.4496105
0.45478678
0.4512816
0.45642415
0.45923826
0.4540442
0.45911524
0.45617834
0.45537025
0.45362878
0.45011494
0.45597607
0.44545022
0.44839436
0.45974976
0.45474088
0.44995853
0.45359892
0.45407307
0.44880185
0.45481166
0.453484
0.4498468
0.4538924
0.45493603
0.44921526
0.4460744
