1.1593693
1.0997429
1.0628291
1.0468336
1.0350735
1.0239599
1.0165821
1.0093672
1.00349
1.003915
0.99462354
0.9956877
0.98846495
0.9883911
0.9858963
0.98222065
0.97799015
0.9824877
0.9765406
0.9765235
0.9763362
0.96692145
0.965581
0.96249324
0.9607561
0.9551469
0.9554465
0.95465523
0.9490697
0.94270426
0.9502133
0.9415675
0.94042575
0.93693596
0.93710005
0.9368131
0.93307936
0.9323266
0.93488026
0.9310797
0.93479776
0.9273044
0.9260851
0.932703
0.9320339
0.9310232
0.93066466
0.9291526
0.92802685
0.9232984
0.9256391
0.92312396
0.9240439
0.92105836
0.9209474
0.9218079
0.92169136
0.91734755
0.9214997
0.9169652
0.91781366
0.9223936
0.91964763
0.9174751
0.9196086
0.91421884
0.9180316
0.91729194
0.91986805
0.9132392
0.9202551
0.91641915
0.90970147
0.9165266
0.91313183
0.91310287
0.91634846
0.9124251
0.9145374
0.909604
0.9121532
0.91202253
0.9094056
0.91005284
0.9117045
0.91086024
0.90612745
0.9126343
0.90938574
0.9095202
0.90825605
0.90869445
0.9073798
0.9074632
0.9037754
0.9100851
0.904401
0.9103419
0.9098921
0.9054939
0.91213775
0.9076164
0.9070975
0.908909
0.9034137
0.90453863
0.9042891
0.9024914
0.90631294
0.9009773
0.90594643
0.90632033
0.9063191
0.90866685
0.90030706
0.9067191
0.89978707
0.902155
0.90886104
0.90535647
0.9060876
0.9009829
0.90389395
0.9007968
0.9048389
0.8990374
0.9022647
0.9025009
0.90378153
0.90441
0.89988035
