0.085052185
0.013253918
0.008322322
0.0053255316
0.003905059
0.004452486
0.0044831433
0.00403941
0.0034451867
0.0031592082
0.003994506
0.0027157292
0.0031911267
0.0023371212
0.0014349923
0.0012833704
0.0017570386
0.0010728047
0.0005996909
0.0013254713
0.0013633313
0.0010079908
0.0011784503
0.0011960003
0.0015859343
0.0012073023
0.0009502208
0.0010054772
0.001202739
0.0011167523
0.0012033765
0.00122144
0.0013959358
0.0009190721
0.0008033415
0.0013319233
0.0014101351
0.0015853364
0.001414609
0.001408745
0.0010484101
0.0011270898
0.0012150096
0.0011078435
0.0013567891
0.000573335
0.0011932063
0.0012571185
0.000984804
0.0005003053
0.0010377198
0.00055659993
0.0015299277
0.0013165254
0.0008203999
0.0006200705
0.001106496
0.0009870213
0.0008975832
0.0010202513
0.0005823392
0.0007348583
0.0013293643
0.00068240357
0.0005212042
0.0010136118
0.00039153383
0.00065842195
0.0004933177
0.0009662455
0.00043121894
0.0006593827
0.0011615427
0.0007184194
0.0005586321
0.000704492
0.0006270583
0.0004070794
0.0006084048
0.0011498794
0.00082725624
0.0008064253
0.000862811
-0.00017475577
0.00017228998
0.00035979832
0.0007240131
0.00049384375
0.00025548835
-4.7285608e-5
0.00056804356
0.0003770949
0.0005163774
0.00041199249
0.00047855984
0.00037207594
0.0008000971
0.00048192506
0.00112459
0.00026173575
0.00044348906
0.0006416508
0.0006477558
3.325632e-5
0.0003044474
0.0006870532
0.00025127485
0.0007512493
0.00083161634
4.5641304e-5
-0.000273587
0.00031462454
0.00039445524
0.00037715898
0.00062071584
4.313223e-5
0.00029881767
-1.3212966e-6
0.00032656902
1.3095732e-5
0.00030144167
7.083173e-5
-2.845226e-5
0.0005665993
0.0003056968
0.00016629224
0.0005332375
0.00025326072
0.0005850581
0.0005099828
-0.00011143636
