-0.5454766
-0.42599925
-0.35448262
-0.29415986
-0.24877203
-0.21365935
-0.19356473
-0.1783338
-0.16782069
-0.1610298
-0.15473011
-0.1498312
-0.14417723
-0.13865833
-0.13605714
-0.13198619
-0.1308556
-0.12590136
-0.12472516
-0.12350553
-0.12491396
-0.12590528
-0.12650041
-0.12796128
-0.12826829
-0.12826799
-0.1317135
-0.1300181
-0.1304904
-0.13255179
-0.13324673
-0.13149284
-0.13202892
-0.13311613
-0.13449873
-0.1347593
-0.13523851
-0.13396873
-0.13551979
-0.13564892
-0.13544255
-0.13547756
-0.13746996
-0.13650149
-0.13788341
-0.13595049
-0.13739088
-0.13735856
-0.13868965
-0.13811158
-0.13794301
-0.13730101
-0.13973896
-0.13906795
-0.13893142
-0.13855916
-0.13987456
-0.13983297
-0.13909508
-0.13958713
-0.13933882
-0.13965891
-0.13979636
-0.14056325
-0.14058383
-0.14123586
-0.14047515
-0.14036343
-0.1398354
-0.14020132
-0.14082424
-0.14137894
-0.14162861
-0.14091834
-0.14105654
-0.14185132
-0.1413441
-0.14081372
-0.14190489
-0.14102983
-0.1419898
-0.1410217
-0.14149933
-0.14178535
-0.14124174
-0.14300753
-0.1428371
-0.141761
-0.14237057
-0.14290811
-0.14257628
-0.14257039
-0.14313905
-0.14258681
-0.14275706
-0.14301045
-0.1435232
-0.14229251
-0.14276183
-0.14299722
-0.14318359
-0.14391431
-0.14252076
-0.14319326
-0.14345708
-0.14450386
-0.14225832
-0.14432055
-0.14395927
-0.14334671
-0.14409438
-0.14360203
-0.14500849
-0.14406286
-0.1434527
-0.1442136
-0.14328897
-0.14376453
-0.14296128
-0.14520161
-0.14406532
-0.14433695
-0.14378892
-0.14456479
-0.1448651
-0.14332543
-0.14400889
-0.14405131
-0.14362222
-0.14458402
-0.14333273
