1.5927572
1.2187035
1.105108
1.0529587
1.0294088
1.0054884
0.98088384
0.9759235
0.9622372
0.9584048
0.94580954
0.94771427
0.9308343
0.9391223
0.92707074
0.928205
0.9192876
0.92216337
0.91953975
0.9113252
0.9163318
0.89538187
0.8817512
0.87265986
0.87202716
0.85661286
0.8547311
0.8508729
0.83574855
0.8232198
0.83164024
0.8204881
0.8182297
0.81087327
0.80751544
0.80364513
0.8034464
0.8014256
0.80314064
0.7878945
0.7960185
0.7873416
0.78068864
0.7919416
0.7884743
0.7846306
0.7843163
0.77679896
0.77712643
0.7704915
0.7747971
0.7651007
0.76564276
0.7643185
0.76596975
0.7658102
0.7572635
0.75375307
0.7598037
0.7519031
0.75347245
0.7587737
0.75096554
0.75196415
0.75484365
0.7335333
0.7464183
0.74462104
0.750745
0.73787737
0.75146824
0.74702215
0.73802763
0.7410233
0.7439475
0.7425898
0.74280226
0.7313648
0.73658866
0.73343164
0.74374396
0.731625
0.7306665
0.72621864
0.7260872
0.72944057
0.7230932
0.72367036
0.7291379
0.7318826
0.7237603
0.7266323
0.7245137
0.7249857
0.71823424
0.7260899
0.71854293
0.725125
0.7236302
0.71890306
0.7215772
0.7227026
0.7199916
0.7225553
0.7164871
0.7138236
0.71552753
0.713535
0.71535265
0.7093531
0.71410096
0.7156762
0.71295756
0.7191201
0.70977753
0.71346235
0.7063961
0.70347154
0.7133697
0.71570706
0.71615916
0.7091473
0.70488113
0.70374167
0.7089337
0.70425284
0.7057079
0.7094419
0.7106575
0.70491695
0.69970167
