3.3082948
2.84047
2.670062
2.6056702
2.5636163
2.5205123
2.4923825
2.475068
2.4542136
2.4535253
2.4289653
2.4318924
2.4051874
2.4170492
2.3908558
2.391781
2.3806307
2.3891923
2.3791409
2.3722107
2.3809278
2.3410268
2.3251812
2.3203301
2.3110147
2.2901201
2.2900403
2.2820544
2.2576356
2.2360294
2.2605493
2.2305815
2.2313268
2.212558
2.2100654
2.2061675
2.2006752
2.2012486
2.2011452
2.1844316
2.1996431
2.1794472
2.1693702
2.196644
2.1827242
2.181173
2.174883
2.1733944
2.1685941
2.1563807
2.1632392
2.1491797
2.1528924
2.1456873
2.1524396
2.1460016
2.1385174
2.1340268
2.1425178
2.1302154
2.1285129
2.1418545
2.1319094
2.1284125
2.1381457
2.1040907
2.1183054
2.1200073
2.134167
2.105904
2.1333249
2.1248455
2.1051893
2.117144
2.1169233
2.1141036
2.1171222
2.098371
2.1090887
2.1028445
2.114962
2.1035988
2.0917523
2.0892527
2.0922425
2.097389
2.08239
2.0978403
2.092374
2.102083
2.0906925
2.0956247
2.0867267
2.0875623
2.0753827
2.0977433
2.0735793
2.0944037
2.0873783
2.0764732
2.088889
2.0880823
2.0765567
2.0891547
2.0695114
2.0731492
2.0710979
2.0724497
2.0809047
2.0643737
2.0791624
2.0781744
2.0746443
2.081415
2.0601983
2.0761557
2.0516334
2.054021
2.081982
2.0758042
2.0722046
2.0637293
2.0628471
2.053339
2.0685844
2.056775
2.057821
2.0658343
2.0693738
2.058542
2.0456567
