0.6769378
0.2034816
0.22769935
0.2682287
0.2960319
0.3227508
0.34991035
0.34596628
0.3446488
0.34176546
0.34101567
0.33815658
0.3335406
0.32058498
0.3213998
0.31212562
0.3140298
0.29851466
0.2990554
0.296812
0.29866412
0.3003401
0.3085192
0.32146525
0.32575887
0.33262902
0.3536597
0.34808645
0.35457662
0.37157124
0.3810872
0.3714163
0.37601086
0.38473168
0.3925718
0.3945807
0.39943564
0.39445144
0.40595186
0.4111433
0.40936095
0.41061535
0.42650452
0.41790256
0.42983335
0.42171067
0.43001795
0.42709583
0.4388379
0.43718734
0.4344605
0.4323881
0.44810468
0.44411635
0.44299328
0.4422938
0.4510857
0.45417425
0.44748956
0.45190877
0.45078313
0.4547904
0.45698196
0.46312213
0.4631117
0.46732664
0.46457428
0.46508566
0.4627232
0.46130958
0.4703429
0.469211
0.47499278
0.4671749
0.47087622
0.47667623
0.47477564
0.46709305
0.4793435
0.47325656
0.48134437
0.47945058
0.47675222
0.4816321
0.47893208
0.48996776
0.4859652
0.4852232
0.48657617
0.4912425
0.48937494
0.48799953
0.4924502
0.48818114
0.49013892
0.49379426
0.49649855
0.48844534
0.49134555
0.4922346
0.49587506
0.503365
0.49453062
0.49961713
0.49994594
0.5072392
0.49291635
0.50527674
0.5025836
0.50251037
0.50809246
0.5032537
0.5114888
0.50822186
0.5070483
0.5110834
0.5064153
0.5065419
0.50282437
0.51220953
0.50526905
0.50862366
0.5086974
0.5121213
0.5121809
0.5036508
0.5107079
0.5100881
0.50714266
0.5147452
0.5077877
