1.2105819
0.36760896
0.2832949
0.21807057
0.1718387
0.14061126
0.11660002
0.10110313
0.09100642
0.08350118
0.0777686
0.07452173
0.06818601
0.06456852
0.06308873
0.058883492
0.057640005
0.056486096
0.054293938
0.053720135
0.05494839
0.054912817
0.05548739
0.054497708
0.053775676
0.053222485
0.052989643
0.052119616
0.051395033
0.051116392
0.05079227
0.050632983
0.049729213
0.049772985
0.05060015
0.05044201
0.0494031
0.049700573
0.049413305
0.049416043
0.04908643
0.04884204
0.048276827
0.04945587
0.04807505
0.04847019
0.048653014
0.048173252
0.04796839
0.047365025
0.047990706
0.0480063
0.04773521
0.048241094
0.04718342
0.048013896
0.04749492
0.0477458
0.047739536
0.04733132
0.04776575
0.047187917
0.047142994
0.046463616
0.046921603
0.046707463
0.046926323
0.04657088
0.04729279
0.04689343
0.046155445
0.046586048
0.04716954
0.046530146
0.04626622
0.046328038
0.046371367
0.04649141
0.045772605
0.046417464
0.04607562
0.04585935
0.045780554
0.045471262
0.045626804
0.046059225
0.046320338
0.04525175
0.046088874
0.04527789
0.045865662
0.046048958
0.045503963
0.046027467
0.0453635
0.04541781
0.045152992
0.04656265
0.045016676
0.04483039
0.045386452
0.045069903
0.04449987
0.04489472
0.045176458
0.044895906
0.045077886
0.045728426
0.04526364
0.0452893
0.045312412
0.044476982
0.0452708
0.044514954
0.044258438
0.044231966
0.044294797
0.044834297
0.043948855
0.04491819
0.04491238
0.04508187
0.04421363
0.044523362
0.04472008
0.04423015
0.044503607
0.04449922
0.04434038
0.04418002
0.043923113
