0.43837917
0.31245494
0.3081848
0.29834023
0.296307
0.2876297
0.28111827
0.28261602
0.28029662
0.27862802
0.27304405
0.26861718
0.26670188
0.26290107
0.26361948
0.2578282
0.26146436
0.25739744
0.25958318
0.25612786
0.2529228
0.25168192
0.25407273
0.25529313
0.2487969
0.25219756
0.24398986
0.24968882
0.24273588
0.24922144
0.24433094
0.24335246
0.24314146
0.24540158
0.244398
0.2378534
0.23701787
0.23913212
0.23975587
0.24033055
0.23464337
0.23353606
0.23362203
0.23368502
0.23511784
0.22842668
0.22651988
0.22984032
0.23070109
0.2283973
0.21673505
0.22239828
0.21951172
0.22167149
0.2206695
0.20305842
0.20531867
0.20421796
0.20904154
0.20388232
0.1794491
0.18105163
0.18176718
0.18579742
0.18989581
0.15169443
0.15292212
0.15513182
0.15819079
0.1613722
0.11849827
0.12405003
0.124609254
0.13073549
0.12873976
0.088232756
0.09291333
0.096225835
0.10074616
0.101705156
0.065608494
0.07008387
0.07218879
0.074222244
0.07754955
0.05037111
0.05279147
0.056359123
0.058447137
0.060685683
0.0413104
0.04365605
0.046773024
0.047094345
