0.70736426
0.67807364
0.6713596
0.6662781
0.6651326
0.6645564
0.6655039
0.66319215
0.66663337
0.665636
0.6646864
0.66358304
0.6609677
0.66184217
0.6606195
0.6642323
0.66554815
0.66055185
0.6615828
0.66213816
0.6631329
0.66151255
0.66602093
0.6637403
0.66368574
0.6616772
0.6637516
0.66372824
0.6611334
0.66138285
0.65960926
0.66633517
0.66400975
0.66279316
0.66645306
0.6621211
0.66467905
0.66379523
0.664071
0.6616181
0.6606095
0.66032004
0.6604194
0.6625356
0.66438156
0.66527945
0.6632461
0.66229934
0.6622186
0.6635256
0.6639105
0.66141033
0.65803
0.66164166
0.66135854
0.6626643
0.6632283
0.6589978
0.6635403
0.66435146
0.66469187
0.6629141
0.66226107
0.6610068
0.6630987
0.6615815
0.659962
0.6657018
0.6632406
0.6653923
0.66405576
0.6588175
0.66349626
0.6639096
0.66222477
0.6617225
0.65855736
0.66336066
0.66442573
0.6599026
0.6618043
0.6627053
0.6624595
0.66411054
0.6664113
0.65991837
0.66202265
0.6614587
0.6622683
0.6609404
0.6615627
0.6629016
0.6613991
0.663996
0.65923935
0.6604501
0.6638897
0.66321653
0.6606878
0.6616835
