0.0005137421845817665
0.0010223542688088576
0.0013475491820068167
0.0016541268108730208
0.001950187105697631
0.0021598737308729044
0.0022930256410300196
0.002441515033780461
0.002564608254455304
0.002685328749270531
0.002842668314854681
0.0029534797141122357
0.0031030473045735776
0.0032136960429673352
0.0033332685495994756
0.003506740728536819
0.003618506815394168
0.0037215508955647193
0.0038845922526096373
0.003956859936103832
0.004112428355680436
0.0042513837391125265
0.004419039878484709
0.0044707155677515785
0.00458890503148979
0.004671361172690003
0.004811495033829977
0.004859138095440005
0.004914592483185139
0.0049953461674221685
0.00506767743334081
0.005138195849189256
0.005233280110727929
0.005236254466504517
0.005322766115021388
0.005396085662088486
0.005450780865672768
0.00545567541066759
0.0055666760552514445
0.005656550813502241
0.005680703123109074
0.005684896258838957
0.005738502550823494
0.005798773182058071
0.005663601753918864
0.005729480605313982
0.005740306589471087
0.0056863229082617745
0.005684014916319328
0.005702549142980095
0.005678922114316002
0.005667726300734191
0.005579523960505899
0.005621523406070287
0.005616944970861247
0.005633203547505703
0.005568421067380599
0.0056672336621069975
0.005581096999699645
0.0056665380103056865
0.005570385614101242
0.0055917868573905575
0.00552747148279307
0.005592417174495881
0.0056032011542009345
0.0056057699842783065
0.005607491716228433
0.005588769145409584
0.0056000743508003836
0.005631259277070022
0.00556401515582088
0.005608405400674193
0.005568902691729542
0.005535343487588351
0.005579394292411951
0.005616792272912777
0.005582558093774445
0.005574691696248091
0.005549889544224493
0.005542773319176785
0.005558161767839469
0.005554364345088177
0.0055566528117191785
0.005563298727085599
0.0056411959083233175
0.005653446789631706
0.005595934734449812
0.005714221073771727
0.005581872505018266
0.005657192645534825
0.005604593959750583
0.005634466184312393
0.005598601992122823
0.005674479555248649
0.005652194666454254
0.005641344601079698
0.005598524792045271
0.005668572397563417
0.0056295533155637555
0.005609879812012699
0.005653415749393001
0.00564377645358756
0.005629165062255433
0.005666184051454645
0.005589695145821027
0.005647705146509634
0.00564989788904966
0.005680275068204346
0.00563778849115189
0.005679844510054563
0.005675136907400587
0.005674478553950626
0.005644161002093199
0.005646677013699871
0.005682502455655961
0.005675919922454381
0.005665169486233089
0.005683113748098851
0.005745411006531479
0.005766747465838726
0.005673437204006962
0.005678624728803242
0.005650322990125221
0.005681257141305061
0.005723627017072966
0.005734241026438656
0.005727860955697278
0.005727889042106815
0.005759207891986997
0.005732540822396021
0.005793460495008947
0.00568446299718451
0.0057511439383607565
0.005778031794165749
0.0057644985504796235
0.005796044895270574
0.0057372148815662315
0.005746815327008392
0.005722130326853455
0.005751479873847388
0.005754924339045659
0.005745078074938915
0.005757781042304576
0.005796568323811968
0.005715057407945232
0.005795585049153623
0.005800376260192498
0.005760770918200515
0.005763863927792799
0.00583061646177767
0.0058200803033332475
0.005755439506878367
0.005769486216190561
0.005791424655869085
0.005783926135236289
0.005796939555053903
0.005767783008253858
0.00576726033068598
0.005823938605004325
0.005838939501267303
0.005784960776483201
0.005810091854907274
0.00585975553592722
0.00585979328486268
0.005813415663693803
0.0057999877565596695
0.005831767954503836
0.005799167192830026
0.0058244216812354
0.005886143944278466
0.005783652079967463
0.005834386098508831
0.0057942603318695204
0.005821287668489085
0.005806246870499901
0.005855440642357772
0.005893896994868643
0.005839057604369086
0.005801674943728011
0.0058041361342679385
0.005843434878805352
0.005808661500681772
0.005835817704356861
0.005865311438266073
0.005869321636847198
0.005872974872683214
0.005849042347992378
0.005919288911427643
0.005799808524213599
0.005898714740305121
0.005856972127683572
0.005854703436688519
0.00585796441402412
0.005863585701123855
0.005876270645125106
0.005868253752505933
0.0058854880940735635
0.00586857842338981
0.005825345628985896
0.005885384259468602
0.005855577820186886
0.005925638142189922
0.005871866435772029
0.0058766876857515825
0.005845716035960792
0.005843175742877065
0.00590214769057613
0.005932851793535245
0.005995996851003738
0.00595530740364252
0.005916305243579445
0.005925476933208259
0.005913286129781238
0.005916984724417683
0.005910093491035691
0.00594056899765621
0.005908587038160458
0.005926359577415316
0.005898912496664613
0.005992402691751067
0.005975250456621305
0.005953000863582209
0.0058862585929020704
0.005934764473018307
0.00592527016516656
0.005906635508314112
0.005947257918772706
0.005911821981747467
0.005954907585342035
0.00596998362902162
0.005989341223046497
0.005974334769579494
0.005948346780307549
0.005983095125980564
0.005919830914047361
0.005932995680061115
0.006005589286061715
0.005915172074607094
0.005953212137465008
0.005989260117906654
0.006025770948359319
0.005975512796703264
0.006006046879258115
0.005965241982234871
0.005961241045660456
0.0059376567223570305
0.006016772283028834
0.006023899021705781
0.005927084316924185
0.00598250886598824
0.005984143985659396
0.005923328147651431
0.00598472323656556
0.005967940180016786
0.006026999040384224
0.006010480626902865
0.006001919528808324
0.0059779048976796225
0.00604218422554829
0.006022112706033192
0.005978028557985429
0.0060096375339677086
0.006067869021778946
0.005946226631874171
0.005980450697902469
0.005967939479108169
0.005978323440253132
0.006038897464788602
0.006020835049756156
0.0059899545180854335
0.006036156912100327
0.006010821568879612
0.006040004399752757
0.006018539073389985
0.0060048508287699354
0.005989939999264104
0.006027465144613817
0.005992702580508881
0.00601197356225479
0.006034025148609887
0.006045762364032601
0.006041408720229668
0.0060194322312262785
0.006004581479601813
0.006021702674492874
0.006079978720066126
0.006046731620518626
0.006030425482218088
0.006106883597937506
0.0060582480497273225
0.00601143186002448
0.006019662029122502
0.006041056263325657
0.006103186304988491
0.006043267129359898
0.0061442340167822485
0.006035153110832517
0.006055562568430299
0.006051826725507405
0.006085741690836082
0.006096516158209918
0.006092045863187335
0.006078668521603351
0.006068550405083432
0.006067787415990092
0.0061016733436761094
0.006136794372473192
0.006069475604456453
0.006084045491985538
0.006085808777803605
0.00604831216944754
0.0061109523724529645
0.0061160379651105275
0.006089780927059867
0.006058094851129841
0.006088453706530709
0.006156101400947921
0.006120104737029941
0.006140221314956064
0.006099746345631321
0.006102821832508205
0.0061312917391891505
0.0061841617767375585
0.006110990421777826
0.006053069837002654
0.006054029581157461
0.006119414842692263
0.006106334385972025
0.006099737333949115
0.006106132123771431
0.006140867652829751
0.006077401879604568
0.006123754468322875
0.006067421441562777
0.006135013063290714
0.006143975181243367
0.006097274140813143
0.006117069802722974
0.006147972362950198
0.006135134721000478
0.006141554543273361
0.0060802035114722345
0.006144093334410052
0.00610570306756868
0.006179404609831458
0.006116668282215849
0.00612102492991285
0.006154610968841052
0.00615665762199956
0.006158757343953274
0.0061647961723285
0.0061028083149849005
0.006150953727812947
0.006156557992846296
0.006184762054902198
0.006122419738058547
0.006130872195317617
0.006156153969094115
0.006082628154634332
0.0061809315893161555
0.006137976905438063
0.006155765465461288
0.006130375551498331
0.0062407456286523565
0.006125410114603497
0.006132161366521911
0.006140379520043659
0.006167212304457403
0.006219525119656146
0.00609627985187655
0.006174674978620983
0.0061221223525457875
0.006184138246234024
0.0061406463659667235
0.006152563314384523
0.006207062964464961
0.006107072843263807
0.0061666921301345825
0.006188367228433123
0.006172248833511853
0.006126291757512533
0.006222942049158791
0.006182749445876464
0.0061872352610184
0.006230283065612608
0.0061898186099171035
0.006198765207750402
0.0061676213346996975
0.00614459748796451
0.006228169325486577
0.006168283192692737
0.006205089406062114
0.006161256083169055
0.006205167507307888
0.006179161294411928
0.0061991697321515955
0.0062095652082238195
0.006153158586059049
0.006135164259292148
0.006176442269631142
0.006135234850802753
0.006153307278815426
0.006129504422218537
0.006231057569633208
0.006245066730269549
0.00623215999875626
0.006227434372737874
0.006230471810289897
0.0061722793731015455
0.006229069993058044
0.006204752969926467
0.00621060906141254
0.006200983583519813
0.006205272643600277
0.006198976481633205
0.006231379486947524
0.006199426565094432
0.006216322467930371
0.0061812885520612666
0.0062491715515138255
0.006191329067984427
0.006211829143053265
0.006251043478167364
0.006273174167066256
0.006222673200639685
0.006201311508622263
0.00622767268166729
0.006302297420707047
0.006197750392204342
0.006194578780717273
0.00625412246958733
0.006192186179091904
0.0062132780212921885
0.00622410806070629
0.006241504111904593
0.0061926918345933946
0.006232496935540914
0.0062310375436727536
0.006298429406445152
0.006251954158719058
0.006272370625402998
0.006214926157837641
0.006284296585503001
0.006233537784835569
0.00621168896133008
0.006214821522194264
0.006225760202443832
0.006265195323771948
0.006260900756552359
0.006240170382938287
0.006218209414054251
0.006271589112296237
0.006254997103410206
0.006239326288705106
0.0062157477228653125
0.006171985992780879
0.006236263318053503
0.006270784068685944
0.006221475648204472
0.006285265841989026
0.006224738377811613
0.006213064744813342
0.006243511213791201
0.006218748613039502
0.006252253046178848
0.006254942532667964
0.006280454604989695
0.006223803165458361
0.006302714461333524
0.00624196871418715
0.00625687904304397
0.006253593283582306
0.006301614034806518
0.006197184658821488
0.006252315627305272
0.006297625864781891
0.006262858294186842
0.0062312948772646004
0.006228121763830495
0.006199076110786469
0.006263147168666404
0.006256336339515635
0.006225422765010165
0.006281718243094412
0.006232273646081842
0.006253599291370441
0.006272729090095143
0.006255337044088929
0.006279566954292525
0.006280656867190293
0.00624477985838603
0.006204408523406642
0.006248772033602746
0.006297277413069972
0.006270818112818718
0.006297842145154806
0.00624298703427629
0.006249174555407892
0.006251428977906122
0.006271920541941769
0.0063279962351100215
0.006261245203072186
0.006296012273018224
0.006306831798803086
0.006228617406351758
0.006223925323817135
0.006256277262932294
0.006299411179156463
0.006294651509005304
0.0062723175566077915
0.006273038991833184
0.006326309548590692
0.006314731539553597
0.006282848207913087
0.006302876671613208
0.006300441014172864
0.006286704206598709
0.006231766488633317
0.006297204818963324
0.006266768362965692
0.006249393839674878
0.006314593861075471
0.0062606359132253405
0.0062731606495429505
0.006261244702423173
0.006295466565595822
0.006282537805526034
0.006290553196198175
0.006299922341797075
0.006260874722803768
0.006276520505058298
0.006280969272173393
0.006295277320269523
0.006292942293280464
0.006264473888546554
0.006277947354740721
0.006295677839478625
0.006213434223783739
0.00626384357144123
0.006303031872806737
0.006242563485212665
0.00627055677403478
0.006298620153718486
0.006274088352161031
0.006251651766716188
0.006283153103161017
0.006285023027218506
0.006291439845597322
0.006250879765940644
0.006359613221476478
0.006287007599899606
0.0062319917806884385
0.006275272387072937
0.006263385978244833
0.00630684882086947
0.006320143054717567
0.006275247354622367
0.006331037177205125
0.006324039605973111
0.006293014887387113
0.006271852954325233
0.006328298126463882
0.006231754473057044
0.00629939666033513
0.006330099962255828
0.006288326309395571
0.0063305445385779275
0.006277414664192618
0.006275078135256523
0.006291083884150233
0.0062358117326452404
0.006313526978032224
0.00635255807560816
0.006257376688161279
0.006290436544978522
0.00632905711036513
0.0063723141862460945
0.006280263857716363
0.006315677766185099
0.006282236414821185
0.006302637361385772
0.006346894233342456
0.006300282308436255
0.006268254789880469
0.006329763526120182
0.0062920060796291906
0.0062835466132839584
0.006271661205753877
0.006303603113328716
0.006291790299905285
0.006324342999274007
0.006290631798092959
0.00631410272439531
0.006281350266071048
0.006329034581159617
0.006277040679381118
0.006238897733151365
0.006337500055292986
0.00628629717895246
0.00623285489958405
0.006317024011376692
0.006318789800439815
0.006359916114128361
0.006290071571849231
0.006276880972346489
0.006329655385933723
0.006281079915604906
0.006325746819101907
0.006326797681376784
0.006321829240587886
0.0062888825304472104
0.006278333355128494
0.0063122453165631014
0.006302064118267745
0.006356504191115831
0.006285529684018021
0.006251813476346861
0.006332919116838889
0.006328516409432842
0.006328316650477304
0.006356653384521219
0.006293337305350441
0.0063296648982649395
0.006323138938401644
0.006326739105442454
0.006328161949932787
0.006338289078134913
0.006295611253160113
0.006270607339584928
0.006313677172735637
0.006321080770315874
0.0063173604475123355
0.006318447857165047
0.006307933727277126
0.006330500481464928
0.006297864173711307
0.006288219170507137
0.006304209399281494
0.006288354345740208
0.006335828888893009
0.006293502519524194
0.006314802631713211
0.006380473763833508
0.006342979658722501
0.00632522063699095
0.006397972948728158
0.006288559611834873
0.00630693843704251
0.006281841903400219
0.0062960478190980315
0.006299777654232788
0.0063017502113376115
0.006333580474182917
0.006305628739228748
0.00635568162479014
0.006293178098964822
0.00631793268933234
0.006318054347042103
0.006306764211186551
0.006295078061962996
0.00629981420161062
0.006275840623700849
0.006321082272262909
0.0062815269951720645
0.006328505895803604
0.006328768235885564
0.006325543054954275
0.006283770904041055
0.006316658537598385
0.006300238251323256
0.00633900400492316
0.006356165251735127
0.006332042981068979
0.006272250970289277
0.006412296516943644
0.006270779062195831
0.006289821247343542
0.006307944240906364
0.006326616446434669
0.006347845967113082
0.006273044999621321
0.006354484072354924
0.006316927386117496
0.006330366307529878
0.006313513460508916
0.006330262172535512
0.006315966140015653
0.006311312607454907
0.006317044037337145
0.006393377992101744
0.006391956148909434
0.0063518872059329145
0.0062611781161046615
0.006349707880786393
0.006294900832212968
0.006272855754295022
0.006302410567383619
0.00635168143918924
0.006331285999763778
0.0063199012412450736
0.006373534267886817
0.00635341568736465
0.006301199497425096
0.0063435203596547895
0.006332325347111394
0.006370299073975301
0.006364436974701092
0.006313852900538632
0.006337462506617131
0.0063160592607317675
0.0063206907647360136
0.006300839030136905
0.006339751974546157
0.006338575950018433
0.0063314737431430426
0.006352840441650575
0.006364538606450402
0.006310123566052888
0.006344581735558908
0.006331936843478567
0.006336410142395218
0.006305300313477285
0.006312693397428282
0.00629706163334607
0.006335102947826512
0.006335678694189595
0.0063820478043252775
0.006409504397407196
0.0063634236611020654
0.006359858539492054
0.00641155004926768
0.006343550899244482
0.0063550683297512005
0.006319989355471074
0.006331612923568206
0.006371619786067315
0.006328927442271183
0.0063483411089853324
0.0063271025766247135
0.006306012236371461
0.006371545189364619
0.006343126348882833
0.006320528053807315
0.006258957237090193
0.006390094235236123
0.006333247542590351
0.006331983904485636
0.006360382719006964
0.006354553161918496
0.006352211626492288
0.0063648079556185245
0.00635144563350488
0.006338912886803089
0.006281650154828866
0.006327692841809129
0.006379657205295954
0.00638775520305497
0.006385293511866032
0.006319913256821346
0.006334744483134367
0.006328681623606594
0.006364131078155143
0.0063597894499284845
0.00636123882881642
0.006412896795108283
0.006313829870684108
0.006375832246849036
0.0063135955669467855
0.00631702701527076
0.006306285090082661
0.006341884238685609
0.006338148395762718
0.006386284296259546
0.006322887111948924
0.0063434107175212966
0.006345177507882445
0.006358886779760972
0.006360188467190552
0.006351214834310636
0.006386510088963679
0.006361541721468302
0.006380155351062274
0.006326652493163489
0.006473840799263162
0.006325860466427487
0.006367819860070964
0.0063581483224691895
0.006289201443867459
0.0063811531445419475
0.006362224106070807
0.006384190582093971
0.00635794806286464
0.0063360391614777885
0.00632471848603254
0.0063112595386597015
0.006299690541304808
0.006356070629071978
0.006357896996665481
0.0063805498624832395
0.006316106321738838
0.006335944538814637
0.006301826309987342
0.006341568329159432
0.00635085586896948
0.00631394702255277
0.006318935989951138
0.00634285599841669
0.006382941963459594
0.006366613796602559
0.006365207974178613
0.006440876065758078
0.006329434099070696
0.006348923363785566
0.006362072409420363
0.00637780029811276
0.006341842184168655
0.00635331455626435
0.006354259781597829
0.006402605954679436
0.006361168237305815
0.006379694253322795
0.006359516095568271
0.0063496277769445695
0.006302521711464145
0.006346824643129876
0.006385268479415463
0.006321695066652834
0.006374975636390572
0.006412955871691627
0.006424850290903913
0.006347380864181514
0.006422377585436723
0.006383578288353057
0.006347462469970369
0.006347123029940654
0.006359385426176302
0.006399260117336407
0.006416471929698526
0.0064337718562866445
0.006365806249747209
0.0063718035242544884
0.0063629755802368845
0.006395064177972058
0.006390107752759432
0.006404568999453045
0.006366351957169608
0.00636757103751231
0.006378498202834618
0.006476149792503629
0.006361276377492272
0.006369249212998445
0.006336003615397981
0.006343715612769227
0.0064156738951743906
0.0064074141877846985
0.0063630026152835
0.006399057354486799
0.006380875284340633
0.006385959375051163
0.0063608558323227146
0.006378038607042174
0.006399504934702972
0.0064146400549658965
0.006413432489550457
0.006341308492322527
0.00636619675597608
0.006409643077183347
0.0063881672371913336
0.006375702078106079
0.006390892770409269
0.006312590263731939
0.006358912312860553
0.006343212961161804
0.006332211699785813
0.00640749128773245
0.00635348928276932
0.006405017580967237
0.00639221298185227
0.0063491621733639935
0.006374977638986617
0.006382319656738456
0.006412337570162576
0.006370797219741622
0.006430957207544684
0.006405477677408691
0.006344228277356876
0.006331400648387384
0.0064091729677616645
0.006413417470080115
0.006380351605474732
0.006371950715063835
0.00642032192059601
0.0063963012816791705
0.006415802061321302
0.006408160655460662
0.006369575135504853
0.006386983702928441
0.006388484148015535
0.006409453331208034
0.006345254107181187
0.006359681309742025
0.006421856910464889
0.006388440090902533
0.006369507547888315
0.006368479214818947
0.0063509409793014145
0.006434272004649011
0.006380860765519303
0.006361783534940797
0.006344848581481972
0.006408105083420397
0.006372957520225712
0.006412556854429562
0.0063708337671194515
0.006354647283932634
0.006381492083922648
0.006363335546876064
0.00638855123498306
0.006413385428543385
0.006432249382643048
0.0063757666618285466
0.006387231524189071
0.0063702450038820736
0.006434658505685792
0.0064021608777083214
0.0063768916201571105
0.006420785521580546
0.006382537939707415
0.006375407696487389
0.006397575433413123
0.006391146098809024
0.006392721140598815
0.006371614278928188
0.006348432227105405
0.006390099241726237
0.006414355185678422
0.006361198276246496
0.00645885587370365
0.006442831100147504
0.006457142152137705
0.006394836883320893
0.006398281849168176
0.006408221734640049
0.006450032936176158
0.00641334287337742
0.006398357947817906
0.00638602746331671
0.006387098351552045
0.006397379179000664
0.00643329373648078
0.0064320656444558704
0.006350437326395969
0.006416135493562879
0.006442621328211738
0.006370308085657509
0.006410925239301484
0.006377398777605633
0.006402239479603108
0.0063927892288643635
0.006379336289279661
0.0063592672730096176
0.0064020832771115605
0.006374428427021137
0.00632697340917978
0.006456068760657313
0.006416396331697808
0.006464064626018012
0.006442940742280996
0.006411113983978771
0.006399972540879595
0.0064336461933847885
0.006384537031209842
0.006416578067288936
0.006418775916448878
0.0063745275555253875
0.006370699593184405
0.0063946236068420466
0.006420831581289593
0.006419848306631249
0.006419117859723648
0.0063989732454528886
0.006474425056659437
0.006411843930237359
0.006411163047581885
0.006414655074436238
0.006396144077889597
0.0063784000756283874
0.006366658354364571
0.006400316987399424
0.006458110907974719
0.006426455371634384
0.006474862623895382
0.006453107922404032
0.00640357871570854
0.006429794199891257
0.006383229335992127
0.006393993289736725
0.0063899911015397794
0.006428817934319073
0.0064210518668545965
0.006408543151305353
0.006398056557113056
0.006410526222039416
0.006410877677645401
0.006344542684936021
0.006363984888643821
0.006412676509543277
0.00643823263897801
0.006388175748224526
0.006355997534316318
0.006362732264817355
0.006426812334379496
0.006421922996134394
0.006427639907195304
0.006434496295406107
0.006414050791079506
0.006379798888966174
0.0064013758600584844
0.006506739947747757
0.006463079849412631
0.006438681721141214
0.006428965125128417
0.006408140629500205
0.006398293864744452
0.0064131331014416525
0.0064126740062982225
0.006433212130691924
0.006474224296405876
0.00640697812249579
0.006420372986795172
0.0063770938823577055
0.006380856760327214
0.006461844748301568
0.0064236732650781656
0.006393463102433677
0.006416007327415966
0.006449282463308102
0.006407574395468339
0.006405060636782215
0.006436145433249579
0.006431403285813819
0.006405891213492091
0.00644118596749612
0.006469788546165081
0.006423967146047845
0.006451321606731442
0.006435480070713462
0.006374146060978721
0.0064258125383037795
0.006480314691629275
0.006370614983501482
0.006411214113781047
0.006459925259991949
0.00642391157400758
0.0064508840394954985
0.006448227595841132
0.006467536126262897
0.006438419381059254
0.0064290327127449545
0.006470258655586762
0.006467896092902075
0.006416713242522006
0.006439249457120117
0.00641051721035721
0.006443351274470324
0.006483611966018199
0.006411275192960435
0.006453200041822126
0.006392139887096606
0.006451403212520295
0.006416580570533991
0.006382244559386748
0.006456484799985767
0.006431524943523584
0.00645302331272111
0.0064672592673596044
0.0064638823897778695
0.006403543670277743
0.006496014543977032
0.006465372321235726
0.006475883447229579
0.006392637031564905
0.006459590826452348
0.006399128446646415
0.006477902564692459
0.006515184895271655
0.0064291043055535796
0.006455252702768768
0.006442885170240733
0.006445100041467063
0.006415751996420165
0.006456847770519016
0.006485493905651965
0.006463965998162769
0.006417041167624461
0.006430468073460571
0.006425607772858124
0.00644907719721344
0.006438955075501426
0.006412299020188699
0.006439604417269181
0.006391626221210936
0.006465321755685579
0.006489760436526915
0.006412056706067193
0.006448776807806611
0.006431352219614661
0.0064242865601171015
0.006429689063598868
0.006430020493244399
0.0064506031754001155
0.006443050384414486
0.006404845357707325
0.00645888641329334
0.006405614855237812
0.006429738627850994
0.006439960378716269
0.006435198205320055
0.006458036811921036
0.006450059470573759
0.006393437068685085
0.0064394281888171786
0.006400315986101399
0.006351227851184934
0.006420452089338968
0.006476611390892121
0.006438820400917364
0.006490523926269264
0.006421997092188079
0.006417749085326546
0.0064833761603338425
0.00644930699510966
0.0064151166728247284
0.006443963568211237
0.006421579550912589
0.0064367051588443
0.006461077754016137
0.006457016989884863
0.006467452517877996
0.006449938313513005
0.006475216082097413
0.0064399013021329285
0.006417610906199405
0.006434826723753615
0.00642732199507308
0.006484991754693552
0.006421877437074356
0.006475773805096088
0.006430095590596104
0.006465284707658734
0.006460378347347244
0.006449705011073707
0.006414356687625459
0.006423030431747558
0.006435627762171816
0.006451853796630534
0.006429966923800181
0.006396722327497739
0.006474737461642537
0.006476057172436525
0.006449829172028529
0.006433438424045067
0.006451493329342343
0.0064539249815905985
0.006443816377401895
0.0064496188994437485
0.006431594033087157
0.006408694347306786
0.006448477419697809
0.006465654687278142
0.006446492847016711
0.00649053994703763
0.006444652461250893
0.006415333453846653
0.006457730414726074
0.006432659914832376
0.006498506774755664
0.006441033269547653
0.006433108996995581
0.00642428605946809
0.006465836923518283
0.00645764930958623
0.006479653834934256
0.006457042022335429
0.006455175102172006
0.006416719750959154
0.006484300358408843
0.006486791087240443
0.006464047603951623
0.006450391901517314
0.006433990639904617
0.006467703343032695
0.006424985966785996
0.006519716770122637
0.0064448251851598175
0.006450321310006711
0.00641785972875806
0.0064757192343538475
0.006437827113278795
0.006480627597261384
0.006458970522327253
0.006434408181180106
0.0064707152474851376
0.006427235883443122
0.006458590029078606
0.0064186257217454645
0.0064577188997988096
0.006465482464018229
0.0064620485124491965
0.006443243634932878
0.006489799987798815
0.006483056746264582
0.006449490232647827
0.006436257077979119
0.006437759025013248
0.00644149186404207
0.00644136770308725
0.006513096187596193
0.006527379203241757
0.0065072415980571546
0.006461057227406671
0.006444997909068741
0.006457192717687856
0.006432894218569701
0.006441594497089404
0.006484207738341737
0.00645194391345258
0.006488561882793683
0.006491153242076566
0.006475477420881353
0.0064517887122590555
0.006437706456867053
0.006466262475177955
0.006447867629201953
0.0064559345867222645
0.006510595946433378
0.00647234235677211
0.0064412074954036105
0.0064794876194624795
0.006485765257416132
0.006442946249420119
0.006481523258342738
0.0064830342170590725
0.006532141877286982
0.006514056432400013
0.006438103471533075
0.0064679967233533635
0.006564645012403579
0.0064923352743924264
0.0064895721924986376
0.006532935405970015
0.006471641948805196
0.0065079685404216756
0.00647765924927293
0.006468983502554788
0.006505259027972104
0.006461812706764839
0.006558047960380668
0.0065353415251186925
0.006534540987349501
0.006510309575198871
0.006512933977316507
0.006524310725451028
0.00649065259306519
0.0064731514055744975
0.006488056727941202
0.006458466869421807
0.006497950553704026
0.006502174028764001
0.006484177699401055
0.006484771469128549
0.006522317141087727
0.006506471599877656
0.006500337147541258
0.006504305792254441
0.006502467909733678
0.006525212894969531
0.0065133415056117675
0.006548882078280385
0.006470711742942059
0.006519968596575359
0.006451480813117058
0.006446370688657939
0.006502244620274606
0.006458471375262911
0.00649050690420288
0.006467165145345464
0.006447128170612148
0.0064516089792639696
0.006447084113499149
0.006472722349371746
0.006450560119585137
0.00648923775895904
0.006471295499689324
0.006466265479072024
0.006472356875593442
0.006475715729810769
0.006487073453282859
0.006517787268832793
0.006473296593787795
0.006481724018596298
0.006387798258869949
0.006459420105139469
0.00644966746239785
0.0064650494026233865
0.006465683224271789
0.006465402360176407
0.006505895853514574
0.006449372079481139
0.00644429499785677
0.006473447289140221
0.006448092420608061
0.006447301895819097
0.006483295555843008
0.0064931698562943905
0.006487096983786391
0.00652217195287443
0.006479416527302862
0.006521811485586236
0.006458926965863264
0.006512936480561563
0.006507539984867935
0.006507335219422282
0.006455038925640911
0.006485087879303737
0.006479350441633362
0.006465837424167294
0.006410357503322581
0.00649893733290545
0.00644891749017881
0.006468024759697997
0.006473120365335791
0.006500887861453774
0.006504093016424608
0.006500734162207282
0.00645015759777999
0.006466605920399757
0.00645452475910623
0.006529034348873367
0.0064486696689181775
0.00652620968715118
0.0064571641806942075
0.006442023553292152
0.006424682072836088
0.00645817699364422
0.006460015877463008
0.006448314208120103
0.006489970709111694
0.006462395462214079
0.006453950514690179
0.006519761828533661
0.006517920942118829
0.006493487768416616
0.006477344341044775
0.006521686823982404
0.006513475178897803
0.006536493518493869
0.0064748300817096425
0.006427690973394463
0.006474960751101612
0.006497870449862207
0.0064807682796335815
0.006509463979018654
0.006486176790903481
0.006457622274539615
0.006429725610976696
0.006445688304055432
0.006494572174175257
0.006475607589624309
0.006506070079370534
0.006515983931093814
0.006471478737227486
0.006470858433102391
0.0064676062171244875
0.0064555115383076525
0.0065343622556524395
0.006502677181020434
0.006504305792254441
0.00648327803312761
0.006479759471875658
0.006471823684396326
0.006510924372184841
0.006462152146794552
0.006428085985464439
0.006422480218484053
0.006481847678902108
0.006502324223467412
0.006517452835293193
0.006425967238848292
0.00651082924887268
0.006568576108440905
0.006482783391904372
0.006493262977010507
0.006457897631495874
0.006483294554544987
0.00647679262583424
0.006530942322255725
0.006478659545997662
0.006499962161431738
0.006510712097004018
0.006514990142806228
0.006550931735332959
0.0065226110220574065
0.006493003640822615
0.006538843064304261
0.0065115066269850735
0.006490454336056685
0.006510296558324574
0.0064834207180958555
0.006479840577015501
0.006523421572806823
0.006558935611077839
0.00649887875697112
0.006475673675293813
0.0064758969647528844
0.006560636315769483
0.006492546548275226
0.006516556673562826
0.006432629375242681
0.006513388566618836
0.006486255392798267
0.006494092051773346
0.006490075344755073
0.006520527320872056
0.006519268188608445
0.0064615974276899454
0.006483741634112147
0.0065258582315451934
0.00645823907412163
0.006484959212507814
0.006495472841746723
0.006487792885912207
0.006483512336864936
0.006501037555508176
0.0064815027317332696
0.0064264728943497825
0.006466732083950625
0.0065316322165934
0.006485825335297494
0.006484839557394097
0.006511013487708865
0.006505197948792716
0.006462632769845474
0.006516216732884104
0.0065312377051724374
0.006556522482843003
0.006459760546467206
0.006484684856849579
0.006493158842016139
0.0065118635897301845
0.006500526893516572
0.006510287045993358
0.006479368965646781
0.006497583077329675
0.006454500227304672
0.006470302712699764
0.006478982464609999
0.006484993256640589
0.0064732480308336915
0.006508724520428852
0.006477014913995288
0.006613539396152642
0.006504068985272061
0.006475898967348931
0.006501284876119795
0.006460354316194697
0.006440514597171865
0.006502872934783882
0.006546528527277902
0.006489796483255734
0.006533334923881093
0.006522203994411158
0.006482833957454521
0.006491393553602028
0.0065082474019210095
0.006472344860017168
0.006482373360364056
0.0065043833928512046
0.006522287602796056
0.006519802881752596
0.0064935448424039135
0.0065025435077343974
0.00649093295651156
0.0064689579694552045
0.006483032214463025
0.006557864722842502
0.0065401167153892005
0.006519610131883215
0.006491975307753247
0.006494571673526245
0.006495977996599204
0.00646950167428156
0.006466167852514804
0.006464547251664976
0.006516373936673676
0.006492363310737065
0.006509918568320986
0.006467739890410526
0.006523356488435345
0.00649989707706026
0.006503921293813703
0.006521590198723208
0.006502323722818402
0.006496141708825922
0.006547981410708919
0.006502496446727326
0.006486757043107667
0.006515983931093814
0.006515014674607788
0.006518454133315945
0.006537204440090024
0.006511074066239242
0.006494915118748049
0.00651502218434296
0.006497684208429973
0.006515297040650205
0.00647179314480663
0.006508245399324965
0.006495830805789856
0.006538230770563347
0.006514630176167052
0.006518966297254586
0.006576251558434322
0.006519549553352839
0.006503658453082734
0.00650572363025466
0.0064858278385425535
0.006513791589072995
0.0065207265791785846
0.006514626170974961
0.006464839630687621
0.006545514713029862
0.006448018324554377
0.006552047181330306
0.006542489291054115
0.0065804695263551715
0.00648740488292839
0.006556972566304231
0.0064738352921240375
0.006538939188914445
0.006598493391413742
0.006562771083153996
0.0064625556698977215
0.006472204678293983
0.006517731696792528
0.0065113108732216245
0.006472655763053236
0.006539424317806469
0.006489039001301523
0.0064991881580601495
0.0065214259858474765
0.0065545559335263145
0.006529266650014646
0.006520444213136169
0.006561456378850118
0.006520090254285123
0.006511791496272546
0.006552006628760387
0.006502605588211806
0.006559403717903474
0.0064652892134998375
0.006483631491329644
0.006578568061409961
0.0065664874007654445
0.006524722759587392
0.006518380037262261
0.006470339260077594
0.006480907960707753
0.006543450537155959
0.006517601528049571
0.006468538926232684
0.00652224204373602
0.006516428507415916
0.006493534328774674
0.006545249869702845
0.006540912747317292
0.006566785787576225
0.006501986285384734
0.0064982429327266715
0.006523578776596399
0.006498942840044576
0.006504781909464261
0.006624003961788439
0.0065308276736321174
0.0065132508881407085
0.006527577960899272
0.006549279593595417
0.006532973955943891
0.006527351667546132
0.00654102188880177
0.006492159546589434
0.006519643675366976
0.00657254124861101
0.006503222888442833
0.006623961907271481
0.006490437313990297
0.0065137735657085855
0.006584329530232885
0.006496661883148742
0.006502323722818402
0.006517675123454243
0.006533498135458801
0.006533129157137418
0.006524835405614951
0.006474440576778792
0.006571855860114436
0.006557622909370008
0.006482685264698141
0.006492143525821068
0.006531330825888553
0.006553246235712555
0.0064940835407401535
0.006480739241990923
0.006515146345297781
0.006482428431755306
0.006472828987611169
0.006520316046989257
0.006508046641667447
0.0065548232800983885
0.00653601039219789
0.006488210927836705
0.006564841767465049
0.006514016881128114
0.0065643826723216165
0.006541104495888646
0.0065113028628374404
0.006553131587088949
0.0065820235408864825
0.006571117402822654
0.006575757417860093
0.006510549886724329
0.0065044239454211256
0.006510354633609894
0.006498689511644819
0.006520730083721665
0.006510274529768075
0.006484778478214708
0.0065155358502286325
0.006470854928559312
0.006515405180836662
0.006526048978818529
0.0064913545029791405
0.0065025935726355346
0.0065625853423707725
0.0065066593432569235
0.006555412543984781
0.006502754280968187
0.006567230864547338
0.00651506974599904
0.006584377091888964
0.006497604605237165
0.006529970061875632
0.006508289957086978
0.006538478091174965
0.006530592869245784
0.0065256975232125414
0.0065546876042163055
0.006498873750481005
0.006579725561924265
0.006510846270939067
0.006563392889226123
0.006543474067659495
0.006566784786278201
0.006483336108412931
0.006544907926428075
0.006511050035086697
0.006559720628727676
0.006510136851289944
0.006515188900463746
0.00643326119429504
0.006462982723504425
0.006518771544789159
0.006576052300127795
0.006520960382266897
0.0065167734545847535
0.006545583802593435
0.006535758065096155
0.0065059364060844945
0.006496552241015252
0.0065343722686326666
0.0065596960969261184
0.006542708074672086
0.006564437243063857
0.006529387306426387
0.006507446864151819
0.006556407333570385
0.0065231737515461935
0.0065489686905593515
0.00650049385068182
0.006509594648410625
0.00651294949743586
0.006561770786429264
0.006459781073076671
0.006508695482786193
0.0065660658542978645
0.006571728695265544
0.006561485917141791
0.0065082529090601336
0.006548080038564158
0.006556512970511787
0.006504023926861035
0.006479843080260556
0.006522638057104022
0.006516545158635566
0.006530010113796542
0.006509719310014457
0.006552907296331853
0.006506373973320439
0.006536898042895063
0.006581126377858096
0.006518506701462141
0.00653929064452043
0.0064777533712870716
0.006543006962131877
0.006546257175513737
0.006561600065116385
0.006481438648659813
0.006575163648132602
0.006472318325619567
0.006525546827860118
0.006583593576186161
0.006580050483132648
0.0065619715466828255
0.006502093424273168
0.00655635826996727
0.006486142246121696
0.00651051634324057
0.006556091924693219
0.006588406815781534
0.0065644187190504345
0.006508066166978893
0.006579574365922829
0.0065804394874144885
0.006579406648504018
0.006590256713878571
0.006480008795083323
0.006550837613318822
0.006519363812569616
0.006561052855746949
0.006603365206943445
0.006574780150989886
0.006560614787861995
0.006555946235830908
0.006516739911100994
0.006522748199886522
0.006549291108522678
0.006522626041527747
0.006524834404316929
0.006549422779212672
0.006566452355334647
0.006502205569651719
0.0065304591959597464
0.006542037705645852
0.006511801509252774
0.006542333088562565
0.006571159457339609
0.0065640176991923205
0.006531460493982499
0.006538592739798571
0.006501820069912956
0.006555156211690957
0.006586822261660528
0.006527712134834324
0.006541524039760181
0.006534233088207503
0.006598200011093073
0.006650071754512797
0.006553060494929333
0.006576954970295305
0.006556309206364158
0.006537802215009606
0.006569422705919145
0.006581295096574932
0.006587454080712887
0.006571017773669392
0.0065453865468829515
0.006513034607767794
0.006587427546315282
0.006570396468246272
0.00651556038203019
0.006545013563369477
0.006554684099673229
0.006568714788217057
0.006544715176558695
0.006551364796727801
0.0065718979146313925
0.006523666890822399
0.006547606424599398
0.006535226876495085
0.006600451429697234
0.006565989254999124
0.00658551757033688
0.006573352300009441
0.006521901101759276
0.0065293577681347185
0.00657368372965497
0.00658357154762966
0.006502993090546613
0.006560592759305493
0.006598139432562697
0.006499597188302447
0.00658110234670555
0.006519680723393817
0.006534644121045844
0.006583772808532231
0.0065349064611278035
0.006594265410512665
0.0065934308286107
0.006594385065626383
0.006517053818031126
0.006586776201951479
0.006551287696780049
0.006531214675317913
0.006581514881490925
0.006553639745835495
0.006544949480296022
0.006602831014448306
0.006580116568802151
0.006587552207919116
0.006551177553997547
0.006580473030898251
0.006575542138785201
0.006532560419860494
0.006542124317924823
0.006556061885752537
0.006598718182819848
0.006583686196253265
0.006588467894960923
0.006596158364424679
0.00658291369482871
0.006557573345117881
0.006552429176525986
0.006497628636389712
0.006622580616649093
0.0065975326459609095
0.006563836464250205
0.006569650501219322
0.006584456695081773
0.006565776979818298
0.006557744066430763
0.006607761405912344
0.006582779520893661
0.0065847155306206565
0.006525659473887679
0.006580880058544498
0.006579181356448898
0.006587411525546919
0.006593136446992011
0.006571338689685684
0.006538676348183471
0.006576252559732344
0.006605892483152877
0.006598638078978028
0.006587459587852011
0.006554233515562989
0.0065431296211396674
0.006544237056752831
0.006596713083529285
0.006556262145357085
0.006643707003631165
0.006598289627266108
0.006540539263154805
0.006576985509885
0.006582394021154902
0.006556380298523773
0.006553795948327045
0.006549577980406197
0.006548279296870685
0.006530760086015584
0.006590959124441532
0.0065743155487073286
0.006596136836517191
0.006571892407492265
0.00662007336640012
0.006531033440375794
0.0066181118235735465
0.006572116197600351
0.0065252784799900215
0.006578122984438847
0.006608754693550916
0.006614528678599123
0.006588481412484231
0.006563677758513597
0.006584725042951871
0.006579661979499819
0.006599228844811454
0.0065577325515035
0.0065803353524201205
0.006631301421778262
0.006592581727887406
0.0066361041477443995
0.006647815329418522
0.0065360919979867435
0.006621025100170748
0.0065890301238007
0.006587468098885204
0.006556382301119816
0.0065965042
0.0065994784
0.006639373
0.0066205715
0.006571734
0.006603979
0.0065953685
0.0066106366
0.0066138096
0.006590607
0.006647141
0.006680827
0.006627463
0.0066306144
0.0066610803
0.006633467
0.0066438494
0.0066054063
0.0065754005
0.006583787
0.0065807896
0.0066036596
0.0065621412
0.0065011475
0.0064615933
0.0064791734
0.006401355
0.0064437063
0.006443596
0.006300553
0.006348454
0.0063062645
0.0062628877
0.0062043183
0.0062123165
0.006108313
0.006132626
0.006057735
0.0059390953
0.005848236
0.005831214
0.005727087
0.005620152
0.005577154
0.005528171
0.005446172
0.005405617
0.005296409
0.0052706613
0.0052172304
0.0053137015
0.0053159385
0.0053368076
0.0053609386
0.0052873297
0.005327278
0.0053018676
0.0053604576
0.005382394
0.00539304
0.005448566
0.0053723296
0.005371388
0.0054193716
0.005432055
0.005374548
0.0054017436
0.00550179
0.0054744533
0.005432003
0.0054665194
0.005509378
0.005496134
0.0054754927
0.0054666013
0.0055365833
0.0055007483
0.005571525
0.0055073374
0.0055234195
0.0055773826
0.0055439253
0.0055285348
0.005603691
0.0055623427
0.0055263317
0.0056056897
0.0055980557
0.0055474634
0.0055481833
0.0056088325
0.005619376
0.0056245066
0.0056594247
0.0055888207
0.005642913
0.005570075
0.005651334
0.0056369463
0.0056049903
0.0056348797
0.0056916308
0.0055840123
0.00567071
0.0056626913
0.00568114
0.0056521446
0.0056481957
0.005713108
0.0056511797
0.005637301
0.0056986553
0.005646534
0.005626678
0.0056944005
0.0056574144
0.0057126135
0.005715208
0.005714587
0.0056938604
0.0056503247
0.005699392
0.005790909
0.0056662075
0.005688499
0.005746805
0.0057717836
0.0057878187
0.0057003186
0.0057357117
0.0057883896
0.005672202
0.005707416
0.0057007074
0.005821224
0.0057069063
0.005803124
0.0057878494
0.0057419064
0.005744571
0.0057214396
0.005747214
0.0057684947
0.0057298522
0.0057479176
0.0057921573
0.0057444517
0.005802452
0.0057874187
0.005762204
0.0057765227
0.0057888655
0.005767204
0.0058038146
0.005841906
0.0058099134
0.005858386
0.005798604
0.0057786233
0.005792611
0.0058263303
0.005850195
0.005800743
0.0057986625
0.0058220546
0.005899943
0.0058667306
0.0058295294
0.005866563
0.005799196
0.005845749
0.0058295727
0.0058970572
0.005866286
0.00587957
0.005914463
0.0059030037
0.0058922744
0.005840833
0.0058764424
0.0058366135
0.005825527
0.0058760727
0.0058657695
0.005895343
0.005857278
0.005904977
0.005884127
0.0059304987
0.0059181
0.005902279
0.00586639
0.0059660515
0.0059595066
0.0059589124
0.0059897495
0.005924906
0.0059650773
0.005984993
0.006007001
0.00594757
0.0059760856
0.0059396303
0.0059417156
0.005958859
0.006057936
0.006004293
0.0059229927
0.0059919218
0.0059486385
0.0059868996
0.0059653013
0.005973099
0.006025453
0.0059865573
0.00598498
0.005999973
0.0060329493
0.006001483
0.006045151
0.005979645
0.006061518
0.006069101
0.006027132
0.006011023
0.006012738
0.006033554
0.00599027
0.0060063517
0.0059942966
0.006012532
0.0060189134
0.0060789483
0.0060806526
0.006055749
0.0059916005
0.0060397754
0.006062063
0.0059976242
0.006052049
0.0060993545
0.006120003
0.0060825194
0.006070554
0.0060217967
0.006173316
0.006081476
0.0061003123
0.0061091324
0.00606204
0.006093059
0.006101069
0.0059993104
0.006107603
0.006038349
0.006063871
0.0061278497
0.006052135
0.006062701
0.006022955
0.00614086
0.0061145853
0.006153274
0.0060849343
0.0060687633
0.0060042385
0.006032604
0.006082518
0.0061000613
0.0060560284
0.0061103953
0.006027787
0.0060922555
0.0061166394
0.006103949
0.006082448
0.006111318
0.00609563
0.006058641
0.0061034
0.0060882615
0.0060550394
0.006015563
0.0061297314
0.0060631586
0.0060907183
0.0061247186
