0.02633514580487117
0.014161267818977594
0.01323404532329859
0.01255656257526262
0.011948861788379355
0.011537125037529138
0.011226692110885927
0.010970062431548333
0.01083245654752641
0.010522362059614886
0.010399016161383999
0.010299024037586799
0.010308698579082641
0.01025537445288092
0.010211163139984268
0.010087721117143195
0.010072514404071647
0.010246977567662107
0.010064910046237843
0.010046886681828288
0.010113826959192421
0.009911815583750956
0.009959782765530958
0.009993525006950707
0.01025438617173246
0.01007283281684288
0.010110369477119853
0.010157850028060793
0.010194045950285302
0.010320199988821
0.010221696294534623
0.010319554652245334
0.01028045396445682
0.010475434725831519
0.010410944124080045
0.010483354993191496
0.01068384339434035
0.010572968162333846
0.010765031641919257
0.010630141278135039
0.010840711749074996
0.010876592262422335
0.01081913027214158
0.010866659386036622
0.010721040113938603
0.010761219700346636
0.010756311838088109
0.010776443435484579
0.010882586032386541
0.010706472229005568
0.010712902564907686
0.010691830248018844
0.010695444933880987
0.01069353946374368
0.010712566629421055
0.010675645767428075
0.010817195764361624
0.01067672766994166
0.01056733135511476
0.010678786338676442
0.010518176133230766
0.010622870352542812
0.0105607057660982
0.010471361445474957
0.010412567728823941
0.010425165559897212
0.010529270515322875
0.010529070756367337
0.010404042176809212
0.010448514828489798
0.010407153209765903
0.010430462927086588
0.010441374071640532
0.010341194204464067
0.01037973366471083
0.010574325421803688
0.010279846677206021
0.010395182191254878
0.010347557453398663
0.010425390351303321
0.010208229837426615
0.010276366665927938
0.01033607907351483
0.010420264206075835
0.010165106434831686
0.010274440669181177
0.010139730539041047
0.010234041297857146
0.010165011311519522
0.010225545784783095
0.01023329332823415
0.010241979588581538
0.010162023438219628
0.010117385572365292
0.010237641464897959
0.010207868869489411
0.01008760196267849
0.01006922864460998
0.010225457169908084
0.010036138748852052
0.010072947966115494
0.010181039088969735
0.010159857129947401
0.01012975610878739
0.010024717943604527
0.010056389000064213
0.00996784371526313
0.010046001534376174
0.009945016122940402
0.009946422946662368
0.010005052450437656
0.010007084584774832
0.010063350023918394
0.009995705333395255
0.009949822353449619
0.010033813234194212
0.009994269472030623
0.00990532416866945
0.009826708756360013
0.009927534961410167
0.009986055323700966
0.009785215466946124
0.010020482953617295
0.009886263960157331
0.009900672138055738
0.009879660900346286
0.009760851883456493
0.009865895555778484
0.009751632932561004
0.009841328708790236
0.009804689712190656
0.009811795924258133
0.009899918661293614
0.009783355055219848
0.009800373116414565
0.009834363679743958
0.009935483265114776
0.00970938316249093
0.009896239391709012
0.009649258720767676
0.009776063102369151
0.009763299556473112
0.009752301799640204
0.009750923512911881
0.009797489878758045
0.009797142428344154
0.00975023862506432
0.009829913410681831
0.009743971500739903
0.009669241124758749
0.009668222804669613
0.009731443760528228
0.009736732616684413
0.009691547040811623
0.009749131189451156
0.009645624008945081
0.00955839993688502
0.009671738862676506
0.009685920747221776
0.00963754353390146
0.009611011639543553
0.009711529444802698
0.009693801463309856
0.009655181398572257
0.009549227045698576
0.009638433187194675
0.009555548740765231
0.009648737044497818
0.009637247149686728
0.0094742097978339
0.009526054005557998
0.009657030295371271
0.009650699588622415
0.009575017478870632
0.009500277089909248
0.009568942103117579
0.009550321965086456
0.009580005444970976
0.009565665355338118
0.009469219829137511
0.0095313658915687
0.009633242958893737
0.009528771528391747
0.009463874399643038
0.009559770713878164
0.009508360068197922
0.00944211669425762
0.009470274696604481
0.009598258106627745
0.0094171858754381
0.009424667073615101
0.009377329708291415
0.009438866981524779
0.00938437834572259
0.009442865665178646
0.009444192885707805
0.00952447295598007
0.00947363004627873
0.009461914859412513
0.009468941468287187
0.009309071722729339
0.009503450203343353
0.009470688232687879
0.009423527095816196
0.009435166184032683
0.009549716179782688
0.00945266687087436
0.00939387415552137
0.00946744302579613
0.009476150313401994
0.00934421478008292
0.00941074853044982
0.00948476397964273
0.00945353749950515
0.009387744709675088
0.009342559634451311
0.009361374524947855
0.009403635309296178
0.00927249480660717
0.009423244229124769
0.00935585937543853
0.009443335273951317
0.009376420029037744
0.009293340329493858
0.009320916077040489
0.009359573189804925
0.00924714894975722
0.009380531859368182
0.009318956036160949
0.009389305733292557
0.009439513319398461
0.009293470998885832
0.009322492120128301
0.009358227445262343
0.009370022235321364
0.009319436158562856
0.009276401871491957
0.009292279954887765
0.009277082253498417
0.009228839714762162
0.009259250137011203
0.00920624041838862
0.00927992093339292
0.009219221245955596
0.009175525601540665
0.009296334210581892
0.009268387982766848
0.009268222267944085
0.009326974430727154
0.009347705805639248
0.009300637288834674
0.009264021322089621
0.00919892693763043
0.009274399275446451
0.009228631945422443
0.009196882787716982
0.009205070401649036
0.009287831688421682
0.009249278710651615
0.009148872049472996
0.009151959051277142
0.009199279895183451
0.009225422785259518
0.009222229645864959
0.009201790649975504
0.009213583938087496
0.009245800701969583
0.009148481543244118
0.00922831803849231
0.009144891389183538
0.009234666768605576
0.009211397103205803
0.009185635207027393
0.00913868234014445
0.00918832919935761
0.009193425806293426
0.009231512679833902
0.009261020932564442
0.009092666187561785
0.009162124228804136
0.009139373736429158
0.00917671714618774
0.00904439411053386
0.009149169935634768
0.009111614751344367
0.009202847019389514
0.00918929545194957
0.009114463944868112
0.009059085655772707
0.009111998749136091
0.009060541543097793
0.009126973161066369
0.009222061928446147
0.009093576367464466
0.009070258639759602
0.009125927805930613
0.009078213451901365
0.009061033681075976
0.009080009780554184
0.009006162048780084
0.009110054729024916
0.009112733201235783
0.009033884987136052
0.009156200049052515
0.0090903211475925
0.009088837223922775
0.009124549519202295
0.008993611779362897
0.009217729311901696
0.009095783228306615
0.009041486341075784
0.00904055563456364
0.009078108315608974
0.009003822515949922
0.008983548734234223
0.009008872061878668
0.0090080595085332
0.008946517228809726
0.009118422576601067
0.0090790820779361
0.009154283063987953
0.009006196593561869
0.009022365554033289
0.008974390862518123
0.008976859562793219
0.009081508223045237
0.009024230972249676
0.008961903674876363
0.00903262184968035
0.009157627900032963
0.009007094757888277
0.008967484910055192
0.008948379142483039
0.008982899893115476
0.009150276369949908
0.008852524882764867
0.00897010630827876
0.009001055929513052
0.009052326894119125
0.008964462992622522
0.008987342151793422
0.009013395926345463
0.008891819822369794
0.008989404825720297
0.008924961785624906
0.009017825668798126
0.009051861290538542
0.00900348407721823
0.008916058243606586
0.00893589195484128
0.008867853754195194
0.008859034321210785
0.008963494737434519
0.009000668927827258
0.008915630188701857
0.008998183706134786
0.009015664867665023
0.00891639217649717
0.008957645655034607
0.008963040148132193
0.008876453902912623
0.008889985945041125
0.008915830948955417
0.008935754777012167
0.008933524886315495
0.008976436514378607
0.008902318432138366
0.008915154071492038
0.00885352718208564
0.008957722254333347
0.008851149099281605
0.00893961928673098
0.00897217949583487
0.00894979047204611
0.008921160357681522
0.008968078679782686
0.008893950584562212
0.008945497406773553
0.008862215445029072
0.008975748121987964
0.008874471332827571
0.008845410660313203
0.009029212930561886
0.008828365564071879
0.008889317578610934
0.008875314926411745
0.008844411364886496
0.008823138788393102
0.008893120007852343
0.00887507811942936
0.008899641461874531
0.008892729501623469
0.008839428905925277
0.0089028701473489
0.008838888705642001
0.008903220101007851
0.008865411588317699
0.008923056315487607
0.008924874172047917
0.008943190916778143
0.008889123827443534
0.00878976051880462
0.008870674911374303
0.008887792601722282
0.008831380472418384
0.008857089299801585
0.008857189930252871
0.008827856904676313
0.008872823696931133
0.008757505705597673
0.008856135563434918
0.008794405039683163
0.008814909620593102
0.008837570997444057
0.00877228836895659
0.008806659926183638
0.008812565081272827
0.008852075800601662
0.008918887911818883
0.008858992767342838
0.008833588835207568
0.00878152884775957
0.00890281107076556
0.008853628313185945
0.008794243830701499
0.008784577800238854
0.008821085126148435
0.008677144029536548
0.008791318538528027
0.00888713675151738
0.00871168580742747
0.00885923357951731
0.008816342478063665
0.008846368401871968
0.008948208421170159
0.008756000754669474
0.008738164632990167
0.008879112849812049
0.008812880490149996
0.008753580617348477
0.008856371369119275
0.008755933167052936
0.008792441494260544
0.00877585599381166
0.008765592188429426
0.008816215813863784
0.008797883549014207
0.00876433205486779
0.008851749878095255
0.008764454713875576
0.008819218706634024
0.008861645706454127
0.00879388336341331
0.008802443460209825
0.00877072484209406
0.008725442640962075
0.008805057849347233
0.008883960133540193
0.008670659122892187
0.008769086718528834
0.008764824693494985
0.008773107931388214
0.008707774236701585
0.00880552896006694
0.008747661944735982
0.008799946723590092
0.008725409097478314
0.008632355468329784
0.008749252005996116
0.008823279971414312
0.008755887607992905
0.008793598994774847
0.008796985384687797
0.008809608248211637
0.008862135841836266
0.008701920648460567
0.008649093166078127
0.00876377883771022
0.008739111360270679
0.008779840659293207
0.00880292508455877
0.008768196564586606
0.008796205874177086
0.00869772470909622
0.008710527806264155
0.00872071601364567
0.008729831830844819
0.008825045760477438
0.008772599271992653
0.008703948777605656
0.008736694727492765
0.008706989719700756
0.008679512099360362
0.008752963817766461
0.008720049149162514
0.00880065163739811
0.008736472439331717
0.008833097197878398
0.008716405926306727
0.008660295187707678
0.008820229016338985
0.008632529694185742
0.008701073049684307
0.008696804015564299
0.008821091634585585
0.008613063959974408
0.008668535369785926
0.008733647276960516
0.008653519403987706
0.008740643846894504
0.008720089701732436
0.008588777977081538
0.008739443791214238
0.008726854471174161
0.008617234866888188
0.008751388275327659
0.00879556053760142
0.008694027416147204
0.008739570956063127
0.008683171843633522
0.008706852041222625
0.008716761387104805
0.008788798772053767
0.008811108693298736
0.008731308244779365
0.008749144366458668
0.008901051790139582
0.008727368637708843
0.008762592800202269
0.008822992598881783
0.008739375202299676
0.008762515199605504
0.008737429680241467
0.00876212018753553
0.00871113359156792
0.008787430498305673
0.008712131385047592
0.008807327291315807
0.008762886681171944
0.008694821445479244
0.008662382894085118
0.008747072680849595
0.008676384544986293
0.008685559939417793
0.00866210253063875
0.008746472903333963
0.008719325711341076
0.00871175139244796
0.008821948745693059
0.00867795658288201
0.008706206704646965
0.00870027451451116
0.008651311041198524
0.008738653767074285
0.008757139731170354
0.008621866370892434
0.008779933279360311
0.008636589457018996
0.00867611619711619
0.008798952935302508
0.008782812511824736
0.008846309825937634
0.008634103234028497
0.008774873219802328
0.008712907391015228
0.008732185381847297
0.008629898783630957
0.008688568339327152
0.008671155766711474
0.00865187577328336
0.008765593690376458
0.008777926177473699
0.008773713716691979
0.00865368662075751
0.008685924411898074
0.008686924708622801
0.008698295448969188
0.00868237831495049
0.008718420037279496
0.008751309673432874
0.008774959331432285
0.008690572437319691
0.00871384010012342
0.008784956290891453
0.008786065228451653
0.008695085287508245
0.008663225987020282
0.00872689552439309
0.008651857249269937
0.00862855704428047
0.0087670961380596
0.008671399082131
0.0087096937250112
0.008740518183992648
0.008695573920943344
0.00863286613032139
0.008746997082848875
0.008710906797565766
0.008530141464220093
0.008801381583656696
0.008705771640656076
0.008823914293711725
0.00866912613561935
0.008708108169592171
0.00871520987581855
0.008542918026990424
0.008678039189968888
0.008752667934200738
0.008671708483220032
0.008773571031723737
0.008632484135125707
0.008649040597931933
0.008719645626059347
0.00869821584577638
0.008680348683858372
0.008587755651800309
0.008660279667588325
0.008743270752257198
0.00875177127182136
0.008696928176519118
0.008690107334388124
0.008696250798406729
0.008655563553901157
0.008668301566697612
0.008720172308819316
0.008719121947193445
0.008792653268792354
0.008698491703381652
0.00875506053582611
0.008611825854969272
0.008686957751457556
0.008810639084526064
0.008802744350265661
0.008628694222109587
0.008725427621491736
0.008617190809775183
0.008664184729877065
0.008675270100286965
0.008712197971366105
0.008655291701487981
0.008577481332788836
0.008623937555852494
0.008638149479338443
0.008562232565200324
0.008674460050186563
0.00866618181878345
0.008693292964047512
0.00862004050394794
0.008760791965708345
0.008713365484860635
0.008732861258012658
0.00875312652869516
0.008687289681752095
0.008661338039598378
0.008657849517287102
0.008616593034855602
0.008683178852719683
0.00873439424528549
0.008746283157358654
0.008627503178111524
0.008662795929519504
0.008711386419318668
0.008579547010609777
0.00867929481768942
0.008687288179805061
0.008714597081428622
0.008737955862352424
0.0086137368322457
0.008584576029929056
0.00866099058918448
0.008662770396419927
0.008634093721697284
0.008619029192944959
0.008724514437694982
0.008633254633954215
0.008611186526181747
0.008630010428360499
0.008692336724435786
0.00859895116499271
0.008638363757115314
0.008618344305097394
0.00860944677086721
0.008640056451422781
0.008619995946185927
0.00861967653211667
0.008695054747918547
0.008712191963577974
0.008794830591342836
0.008712393725129558
0.008724999566587007
0.008738275276421683
0.008700931866663097
0.008590776567934954
0.008756108894855933
0.00869248041070205
0.008656611912930979
0.008605227300999328
0.008661093722880828
0.008633185544390645
0.00875737453555669
0.008662821963268097
0.008600945750654036
0.008608417436499819
0.008661489736248825
0.008539290824903003
0.008622383541321183
0.008606800840842083
0.008704804386766098
0.008725984843841399
0.008637539688842592
0.008627126189405955
0.008657536111005983
0.008658628527148805
0.008638350239592005
0.00867425979058201
0.008672056434282939
0.008724567506490193
0.008656532309738174
0.008674178685442166
0.00861464050371123
0.008603454502850045
0.008630678294141672
0.008630708833731368
0.008595385042084678
0.00863941361809217
0.008634602881741853
0.0086264593249228
0.008675018273834245
0.008533040722644977
0.008653482856609876
0.00863383688875445
0.008664793018425888
0.00866989713509687
0.008562955502372753
0.008626761216276665
0.008588037517193711
0.008605401526855289
0.008704483971398818
0.008664869117075615
0.008616917956063985
0.008594083354655096
0.008712824283279338
0.008633680185613888
0.008566595220685463
0.00860061331971048
0.008628409853471124
0.008571371412253996
0.008678917328334845
0.008649606831963797
0.008652813488881667
0.008700781171310673
0.008626912912927108
0.008578358970505778
0.008652955172551885
0.008762388535405627
0.008699721297353588
0.008716881042218527
0.008625751907869725
0.008699588124716565
0.008609728135611606
0.008628060901110193
0.008597877272863312
0.008621304142052658
0.00866264523416708
0.00860961098374294
0.00866060458879671
0.008603971673278796
0.008623981612965497
0.008639627395220027
0.008587309072882158
0.008659150203418663
0.008601071413555891
0.008586516044848138
0.008722137356188969
0.008593014469015808
0.008565883297791286
0.008632534200026843
0.008569198094895609
0.008640467484261121
0.00868150468242564
0.008566956188622663
0.008720045644619435
0.00853449260477797
0.008539625258442601
0.008666488716627422
0.008579391809416248
0.008618103492922925
0.008592038203443623
0.00853906403090085
0.008620985729281421
0.00855739329185636
0.008657381410461469
0.008730278409762964
0.008666478703647193
0.008567869873068429
0.008754764151611373
0.008619787175548186
0.008623980611667473
0.008597249959652052
0.00856220853404778
0.008584689176605625
0.00849798828276245
0.008601422368512865
0.008600285895257043
0.008584714209056193
0.008637610280353192
0.008677078945165069
0.008495310811849609
0.008640436944671424
0.008660199063097493
0.008614816231514225
0.00862716023353873
0.008648528433993295
0.008666902252710818
0.008635790921845849
0.008635320812424168
0.008668657528144701
0.008626879870092358
0.008647959196067357
0.008599869855928586
0.0086734892917535
0.008556947213587227
0.008600028561665191
0.008645107499298558
0.008584184021753148
0.008607782613553395
0.008594419290141729
0.00869914555099051
0.00866593900401293
0.008623444416576288
0.008544374915613532
0.008622831622186366
0.008485068534374867
0.008596462939406168
0.008533444746397159
0.008524890156739764
0.008571175157841539
0.008626042284296326
0.008618273212937781
0.008697013286851053
0.008562912947206788
0.008562043319874025
0.008533745135803983
0.008679355396219801
0.008511882794775188
0.00857063946339936
0.00863737347337081
0.008608787916768237
0.008660087418367959
0.008472015613350259
0.008601636646289733
0.008547001820976228
0.008583369465811634
0.008637407016854575
0.008584781296023717
0.008640408407677774
0.008627748496127094
0.008506880810502524
0.008706743901036169
0.008580420643134627
0.008632488640966808
0.00854195227504748
0.008664611282834756
0.008565437219522147
0.008594724686038668
0.008609797225175176
0.008547707235433258
0.008665974049443723
0.008525119954635984
0.008587303065094023
0.008645574604826171
0.008508580513896148
0.0085691405202593
0.00869019344601808
0.008601169040113113
0.008678423688409627
0.008620535645820193
0.008555570428805939
0.008544902599671523
0.008575848716362739
0.008605183744535339
0.00855696423565361
0.008607096223758796
0.008539919139412284
0.008693707000779923
0.00857650456656764
0.008567459841528109
0.008537825425246707
0.008559775379852494
0.008577234512826225
0.008518140907417399
0.00863817401114
0.008614908851581329
0.008557506438532928
0.008609428246853791
0.008616203529924753
0.008653722166837316
0.008570834215864789
0.008629938334902859
0.008623099469407454
0.008532035920079143
0.008526865717738656
0.008559797909058003
0.00862277504884808
0.00856594387632166
0.00858611552563904
0.008664967744930856
0.00857411546948535
0.008657283783904249
0.008498003302232791
0.00863729286887998
0.008472502744838323
0.008544349382513952
0.008611223073559578
0.008640007888468675
0.008543149827482692
0.008680553449304023
0.008584172006176873
0.0085147965720214
0.008501207455905605
0.008513701652633524
0.008540670112929347
0.00858453147216704
0.008523397221387844
0.00858688802706359
0.008571315339564718
0.00860372835785927
0.008542554055159156
0.008529968239662159
0.008689944122810414
0.008530148973955265
0.008611977551619724
0.008565555873337845
0.008577729654698482
0.008589518937618374
0.008515332266463576
0.00849512457041738
0.008562364736539327
0.008600029062314203
0.008570369112933221
0.008529598760691762
0.008568251868264105
0.008453889115244351
0.008578030044105307
0.008521329040321842
0.008657700824530726
0.008500025924238755
0.008558164291333877
0.008485997238290972
0.008610274343683014
0.008574791345650708
0.008508431821139768
0.008660298191601749
0.008559405400233084
0.008634741060868995
0.008462170851190545
0.008560552387118147
0.008488304228935394
0.008504563306228861
0.008538718082433987
0.008605217288019103
0.008609564423384885
0.008628795353209885
0.008572759711962542
0.00856193517968757
0.008499525775876392
0.00860581406164066
0.008650386843123527
0.008496602986947974
0.008556209256944452
0.008590702471881272
0.008591199115700554
0.008565141836605436
0.008511312555551228
0.008561570206558273
0.008540702154466076
0.00855952105015471
0.008608088009450338
0.008537220641240961
0.008660693203671724
0.00858469718698981
0.008568840631501484
0.008555440260062979
0.008527908569629357
0.008524689897135214
0.008534402487955922
0.00857970321310133
0.008531149270679998
0.008536379550901849
0.00858528344698213
0.008603599190414334
0.008511565883950988
0.008566979719126202
0.008614919365210567
0.008539326370982809
0.008562607551309847
0.00846880144669722
0.008462708548228762
0.008545149920283145
0.008469182941243885
0.0084949713718199
0.008492879159601355
0.008640156581225055
0.008617466667380454
0.008611407813044775
0.008616495908947395
0.008526199353904517
0.00853170799497669
0.008575176845389467
0.008562788285602953
0.00855202483250737
0.008572240038288733
0.00859003760999416
0.008500781403596922
0.008485428000365034
0.008567220030651659
0.008503755759373514
0.008533051736923229
0.00857031203894592
0.008603335348385338
0.008471106935394605
0.008488689228025141
0.008574186561644966
0.008540675119419461
0.008544734882252715
0.00851325407241735
0.00852749453289695
0.008655317234587564
0.008546597296575031
0.008527414429055124
0.008519917710758773
0.0086019695778823
0.008572389732343134
0.008457242462322554
0.008501727630228422
0.008480957705342455
0.008547416358357646
0.008559720308461239
0.00852072075177302
0.008544436495441933
0.008404443516933762
0.008476010291812029
0.00862181580534228
0.008489013147935504
0.00852301823008623
0.008550590973738784
0.00851279297467787
0.00856679097444891
0.008572274082421507
0.008640079981926311
0.008548747584078899
0.008533487301563126
0.008504608364639886
0.008603488046333804
0.008466641646862137
0.008529050049375292
0.008506291546616137
0.008516031673132468
0.00851828259108762
0.00852022160470868
0.008469578453962878
0.008575992402629004
0.008556489620390823
0.008573953259205668
0.008518673097316489
0.008531185818057828
0.008491217004883585
0.0085737084418391
0.008582836274614519
0.00848835779837961
0.008579747270214327
0.00852178362962417
0.008561799003156475
0.008580582853414313
0.008520024348998196
0.008550488340691451
0.008473359855945802
0.008602624927438192
0.00851744450464257
0.008515663195460094
0.008482422103700728
0.008466977582348774
0.008517873060196308
0.008512234751030188
0.008443084608929834
0.008399848059658335
0.008524471614166251
0.008605827078514958
0.008532615170985306
0.008523920399604727
0.00850503942343868
0.008573297909649774
0.008470187743809717
0.00840216306068694
0.008496447285105435
0.008529106622713577
0.008436178155817894
0.00845851411081145
0.008464502373636523
0.008478800408752431
0.008614791699712672
0.008540348696264044
0.008523302598724688
0.008549420456350184
0.008540759228453368
0.008571382927181258
0.008611302676752383
0.008556298372468482
0.008545454815531072
0.00857454402503909
0.008466845911658779
0.008530475897759694
0.008513376230776123
0.00853828552168816
0.008561330395681825
0.00856433228715404
0.008456926552796376
0.008381397641642073
0.008622285414114953
0.008478642704313848
0.008513532933916684
0.0084792389772864
0.008587714598581373
0.008490880568747937
0.008476563508969599
0.008555395702300966
0.00845162968625601
0.008530125944100742
0.00855521847255094
0.00853635802299436
0.00844508770562435
0.00852381976915344
0.008598371413437536
0.008526204861043643
0.008534164179026507
0.008527809941774113
0.008547473932993955
0.008419856497398005
0.008498947526268251
0.00846086666051591
0.008390461891993045
0.008598820996249753
0.00837373420722493
0.00852455772579621
0.008528740648286267
0.008534118119317459
0.008529385984861925
0.00857601993832463
0.00841562551260286
0.008548793143138929
0.008512208216632582
0.008546573265422491
0.008541755519986007
0.008507757446921444
0.0085308238488226
0.008464840311719207
0.008430117799535179
0.008564026891257098
0.0084886301514418
0.008540185985335343
0.008481893918993727
0.008603122572555504
0.008471424847516834
0.008470968255618458
0.008502133155927637
0.008391912772828013
0.008496524385053189
0.008564350811167463
0.008449444353321353
0.008526672967869277
0.008525004805363369
0.00850485017811238
0.008416053066858576
0.008600736980016293
0.008509214836193562
0.00851584743429628
0.00840730172213971
0.008485148137567677
0.008495007418548717
0.008468175635433
0.00857815220246408
0.008460229334324425
0.008562605048064793
0.008511887801265302
0.008489937846659518
0.008437073316250232
0.008547125981931046
0.008480075061135397
0.008427363228674583
0.008518806269953515
0.008444443370346711
0.008438401538077418
0.008564777864774166
0.008466685703975142
0.008548352071359908
0.008508585019737253
0.008377027476421764
0.008582167407535323
0.008448534173418669
0.008548044672866923
0.00846900871538793
0.008497047563270074
0.008459171963612398
0.008394121636266207
0.00856364489606142
0.008566152646959408
0.008495425961122228
0.008481568997785346
0.008528663047689502
0.00850329716487909
0.008379448615040782
0.008477377564262098
0.008475788504299987
0.008542555557106191
0.008346516423721442
0.008439540013929285
0.008569665200423227
0.008558160786790801
0.008463189671928696
0.008429497495410084
0.008476856889290266
0.00861879288661159
0.008466058891412897
0.008549474526443418
0.00847853406347838
0.008413647448358907
0.008370797400124197
0.008352779042204751
0.008356326140450355
0.008394976744777643
0.008508369240013346
0.008481334694048024
0.008458367420651116
0.008425953901707561
0.008507582720416474
0.008532037422026177
0.008433455626494026
0.008455195809164045
0.008457424698562695
0.00851253814433108
0.008497086613892969
0.008385838398372982
0.008447177414597835
0.008443286370481416
0.008402911530958948
0.008401630370138836
0.00843434027329713
0.00839710450307599
0.00840907201704394
0.008370873498773922
0.00843720698953627
0.00849607079704888
0.008524637328989023
0.00849025525813273
0.008389083605264728
0.00851615232954421
0.008369168288241174
0.008394632298257813
0.00837632406456078
0.00844694961929766
0.008426160669749255
0.008314930477593685
0.008534452052208047
0.0082807466637459
0.008403316556009153
0.008406105171002518
0.008381489260411153
0.008414388909544759
0.00844403333880639
0.008462833710481607
0.008401773055107076
0.008448295864489253
0.008327462723646466
0.008526146285109308
0.008411492655013947
0.008458253272676521
0.008518391732572095
0.008566436514948858
0.008527243707742244
0.00840618827873841
0.008487241351084243
0.008427230556686573
0.008468794437611055
0.008455355015549663
0.008545498371995065
0.008436794955399906
0.008400747225282766
0.008446302280125953
0.008466989097276034
0.008482762545028466
0.008387522581647253
0.00850315548120887
0.008496736159584998
0.008453081067739988
0.00845304151646809
0.008433895696975027
0.00843474730094338
0.008515126499719899
0.008395403297735336
0.008452373150037905
0.00848856456642131
0.00849270543439441
0.00855434183613202
0.008474907362039971
0.008440449192533945
0.00850477708335672
0.008378024268603415
0.008489369610031603
0.008588409499409165
0.008444195549086079
0.008507323884877594
0.008504586836732395
0.008531268925793712
0.008498785816637574
0.00842309269260754
0.008395646112505853
0.008517486559159527
0.008491778232425336
0.008396676948820275
0.008467312516537387
0.008443656350100824
0.00837137064324222
0.008456814908066835
0.008414907581920544
0.008437154922039091
0.008481077360456175
0.008507906139677824
0.008513120899780322
0.008417921488969034
0.008459980011116761
0.00851411719131296
0.008461358798494092
0.008465484646996846
0.008468569646204951
0.008463608214502209
0.0085191311911619
0.008474335620868974
0.008454682143278375
0.00846464806249884
0.008468909586883677
0.00846575499746299
0.008456770350304827
0.008443897662924308
0.008468956647890742
0.008501522864782772
0.008441952641515111
0.008568295925377107
0.00841962169301167
0.008492508178683925
0.008452364138355699
0.008463978194121613
0.008474437753267299
0.008409804967196595
0.008534496109321046
0.008475576229119165
0.008427170478805205
0.008405576485646505
0.008510442427569457
0.00848553764249853
0.008516927834862829
0.008463982199313705
0.008437016242262936
0.008491421269680227
0.00848485375594899
0.008495218191782505
0.008389939214425166
0.008391920783212199
0.008463804468914664
0.008464188466706393
0.00853745744822334
0.00846171075474909
0.008546709942602594
0.008383154919672004
0.008473717319339923
0.008462422677643265
0.008443859613599445
0.008386278969502996
0.008458495086149018
0.00846233656601331
0.008489594902086723
0.008472679974588351
0.008435515296526828
0.00844645447742541
0.008489701039677134
0.008497872632840823
0.008439808862448394
0.008478566105015108
0.008405427292241115
0.008485878083826266
0.008506179401237586
0.008477816132796067
0.008371656013178705
0.008454264602002883
0.00844749833061413
0.008426718392747933
0.008464029260320778
0.008410160427994673
0.008368069864310214
0.008416539697697631
0.008550058783839694
0.008417129462233034
0.008483598128228452
0.00852090298801316
0.008453727405613681
0.008470812053126909
0.00849641274032365
0.00837255267555808
0.008428265898842097
0.008465624328071023
0.008514693438325055
0.008456548062143777
0.008399360427521254
0.00845444884083907
0.008440712033264918
0.00842974731926676
0.008437364193325844
0.008381850728997367
0.008399998254361747
0.008451867494536417
0.008446485017015101
0.008441776913712116
0.008428378544869657
0.008363008302805196
0.008379304928774518
0.00843617264867877
0.008462395642596652
0.008544883074360079
0.00842337305605391
0.008397584625477905
0.008506303562192407
0.00859683492162162
0.008520067905462185
0.008392273740765219
0.008434832911924326
0.008495268256683642
0.008467274967861529
0.008485593214538787
0.008488482459983444
0.008327069714172537
0.008406849636082436
0.008465982292114156
0.008472263434610886
0.00842887218479487
0.008453483589545136
0.008453749934819189
0.0083876081926282
0.008523044263834819
0.008434835415169381
0.00846768249615679
0.008409879063250277
0.008453112608627706
0.008450698979743862
0.0084951651229873
0.008459847839777759
0.008462430187378436
0.008436084033803755
0.008508132433030967
0.008449450361109485
0.008413216389560116
0.008434383329112111
0.008453314370179293
0.008481382756353111
0.008395883920786256
0.008488786854582363
0.008497246821576602
0.008400595027983307
0.008505836957313804
0.008432933950224172
0.00842419762497565
0.008406897698387532
0.008490709346786047
0.008379835616726576
0.008436316835594041
0.008463498572368715
0.008346271606354875
0.00853893386215789
0.00840948254923327
0.008437794751475627
0.008400607043559582
0.008455037604076454
0.008385821376306595
0.008415969959122685
0.008518853330960587
0.008428791580304044
0.008429259186480667
0.008364987368347166
0.008432364211649222
0.008476413314266186
0.008437476839353404
0.008433101667642984
0.008470204765876102
0.008439703726156005
0.008507268312837333
0.008319166468878944
0.008451192119020066
0.00848482521895534
0.008422670144841942
0.008388316610979298
0.008392951619526622
0.008469065789375228
0.00836765732952484
0.008388777708718775
0.00843663274512022
0.008470738958371244
0.00842849369414227
0.008447563915634622
0.008350298827002391
0.008448135656805612
0.008495865030305201
0.008392903557221531
0.008481788782701338
0.008477372557771987
0.008392504539959461
0.008427773760863915
0.008475358446799216
0.008522974172973225
0.008536991343993751
0.008330040565406044
0.008360439973376833
0.008463411459440734
0.008384605299857963
0.008422609065662551
0.008475358446799216
0.008366466786175787
0.008477060152788889
0.008400772257733335
0.00845833988495549
0.008421300869795822
0.00836746107511238
0.008422108917300187
0.008450060151605343
0.008354264968470516
0.00839677006953639
0.008406099663863397
0.008459345688819347
0.008418646929386518
0.008447871814776619
0.008430105283309893
0.008397058944015958
0.008370973127927185
0.008442058779105522
0.008438956257182021
0.008352659887740038
0.008378799273273028
0.008473373373469107
0.008450487205212047
0.008433188780570961
0.00853690022587368
0.00839095102607716
0.008411727960049294
0.008549295294097344
0.008411513682272425
0.00834324017659099
0.008351897899944725
0.008337302979965072
0.008375646686448388
0.008419390393168412
0.008373622562495391
0.008456431410924123
0.008452856276333881
0.008255537984725062
0.00849977960492516
0.008399429517084826
0.008473844984837825
0.00843376552823207
0.00833704614702224
0.008419171108901427
0.008404932651017875
0.008295363111633043
0.00847012566333231
0.008479389672638823
0.008385044369040938
0.008367261816805851
0.008411746984711721
0.00848514313107756
0.008357034558801452
0.008387815461318908
0.008382215702126663
0.0084056465765081
0.008493442389739151
0.008428206321609745
0.008424178099664205
0.008393105318773117
0.008478898035309653
0.008448468087749168
0.00845476074517316
0.008348550560654663
0.008371307561466786
0.008484330077083086
0.008411851620355102
0.008466494456052796
0.00843867589373565
0.00834044555380949
0.008460018060441627
0.008384189761178518
0.008443529685900945
0.008398367139882684
0.008346940473434074
0.008460817596912794
0.008406097160618338
0.008479097794265191
0.008427293638462001
0.008381661984320082
0.008431164656617966
0.00844718292173696
0.008424025401715737
0.00838119387749444
0.008411135191619826
0.008389945722862316
0.008290682544025681
0.008364064672219203
0.008421509139784561
0.008429252678043519
0.008487526721020728
0.008362818056180875
0.008439205079740678
0.008500700298457082
0.008335221281375768
0.008335295377429455
0.00844681093952151
0.00849469951940672
0.008373850357795571
0.008387146093590698
0.008356875352415836
0.008387593673806868
0.008377831018085024
0.008457400667410147
0.008343702776277504
0.008445000092047362
0.008337259423501085
0.008398174390013302
0.008393372164696178
0.008395058350566496
0.008502788505483532
0.008406323453971479
0.008401499700746868
0.008418974353839958
0.00842748889157644
0.00846069593920303
0.008383035264558284
0.008395601054094827
0.008406828108174946
0.008393899848754167
0.00841941893016206
0.008414663265202994
0.00836980611508167
0.008489231931553473
0.008385062893054358
0.008332344051507389
0.008406114683333736
0.008428093675582183
0.008384962763252086
0.008364985365751122
0.008403597920753549
0.008323950170182648
0.00828514035946974
0.008431175670896218
0.008488976600557672
0.008429447430508946
0.00847688342368787
0.00836322808772119
0.008323521113979897
0.008379285403463074
0.008451147561258057
0.008424112514643714
0.008392968140943998
0.008439789337136952
0.008393937898079035
0.00841421368239078
0.00841689165395263
0.008405292117008044
0.008482860171585687
0.008368044831859643
0.008383313625408612
0.008357292393042311
0.008437538419181803
0.008373751229291317
0.008402899515382676
0.008437514888678267
0.008435011142972374
0.00844321027183169
0.008335469102636401
0.008319604536763897
0.008463642258634978
0.008255480910737766
0.00840707993462767
0.008405555458388028
0.008392946112387502
0.0084088722580884
0.008419233189378837
0.008446030427712772
0.008437136398025666
0.008417660650834102
0.008361519372645362
0.008423738029183205
0.008300388125760227
0.008282340730198125
0.00841755751713776
0.008366629497104486
0.008443223288705984
0.008422132948452732
0.008388311604489183
0.00837122845892299
0.008377126604926016
0.008441819969527095
0.008265496394210358
0.008499282460456862
0.008324462334121286
0.008474864806873999
0.008410898384637438
0.008376685533146995
0.00845068796546561
0.008430604430374236
0.008372049022652634
0.00839983103759195
0.008400503409214229
0.008461016354570312
0.008434116983838053
0.00839719912573914
0.008402847447885494
0.008257763369580631
0.008332149299041964
0.0084059239360604
0.008431376431149782
0.008393331612126258
0.008424967623155144
0.008396371552923335
0.008338813438032396
0.008441302799098346
0.00836043496688672
0.008412355273260548
0.008370664227487168
0.008314856381540002
0.008350834521444564
0.008312965430224032
0.008398626976719586
0.008393864302674362
0.008443648339716642
0.008387886052829512
0.0083787186687822
0.008327278985459296
0.008411478136192616
0.00836148983435369
0.00837200045969853
0.008458811496324206
0.008425843258276045
0.008396723008529325
0.008326281692628631
0.00837090503966164
0.008323385438097812
0.008460885184529329
0.008342870196971582
0.008369574815238411
0.008409242738356817
0.008397707785134701
0.008323054008452282
0.008398566398189209
0.008402855458269673
0.008314691167366252
0.008346182991479862
0.008351106874506749
0.008299482451698648
0.008519132693108932
0.008343372347929994
0.008452367642898778
0.008393683568381254
0.008397043924545617
0.008418724529983282
0.008325728976120068
0.008355321337884518
0.008359298493630898
0.0082890814684873
0.008418799126685975
0.008398570904030312
0.008355878059585172
0.008373245573789824
0.008354846221972724
0.008363511955710641
0.008316866987969691
0.008326326751039653
0.008310302978781534
0.008397800905850815
0.00843379807041781
0.008342363540172072
0.008422872407042533
0.008306404925578955
0.008375868473960426
0.008403856255643417
0.0084020469101163
0.008432807786673303
0.008418344036734634
0.008473747858929619
0.008384304409802127
0.008342042624155778
0.008344493801715478
0.008359887256868273
0.008296687828917145
0.008447867308935512
0.008300170844089294
0.008279006407782353
0.008339423729177264
0.008298497675093271
0.00845979026514145
0.0083858699392607
0.008337141770983412
0.008301670788527374
0.00836205706968358
0.008300459217919843
0.008325029068802167
0.008403810195934367
0.008429025884041366
0.008378550951363384
0.008337858700367701
0.00840279888493139
0.008384525196016145
0.008380082937338197
0.00836062070766994
0.008301771919627672
0.008328673793604987
0.008368586033440942
0.00843508674097309
0.008465051585602006
0.00835648434553795
0.008372488592484623
0.00842188462654309
0.008387512568667028
0.008294492483002259
0.008256694984590354
0.008348648687860892
0.00828892626729377
0.008418890244806045
0.008350973201220711
0.008336231591080727
0.00839467034758268
0.008221733162178889
0.008226961940453708
0.008342520743961641
0.008272549537482634
0.00826041330479785
0.008375438416459657
0.008331215588635746
0.008410300609717855
0.00835389248560605
0.008319678632817584
0.008288110710054239
0.008428828628330883
0.008261919757673084
0.008268195393030687
0.008331353767762884
0.008316734816630686
0.00828811171135226
0.008318602738092137
0.008367160185056541
0.008425359130682042
0.00830058838536478
0.008279184638830405
0.008413252436288935
0.008395241087455652
0.008292663111514689
0.008212189790724031
0.008301217701172082
0.00832918095105351
0.008321912528706343
0.008275065298764797
0.008314158977467154
0.008284883526526905
0.008440638437860248
0.008272013342391448
0.008307912379752208
0.00836441312393112
0.008278242417390997
0.008301742381336002
0.008278986381821899
0.008309466894932532
0.008247053485929263
0.008263548869556102
0.008230421925771335
0.008305699010472917
0.00838154883764351
0.00834868072939762
0.008416435562703264
0.008265760236239355
0.008393231982972996
0.008201851388639105
0.008314123431387346
0.008310821651157319
0.008284078983565623
0.008355298808679008
0.008356361686530159
0.008264763944706712
0.00829191914708378
0.008364699995814637
0.008289563092836244
0.008295682525702302
0.008280847794846198
0.00832348506725108
0.008320178280530935
0.008306458
0.008278603
0.008285188
0.008245137
0.008305159
0.008311026
0.008191216
0.008205023
0.00828635
0.0083224755
0.00831057
0.00825542
0.008346456
0.008323148
0.008294474
0.008363487
0.008354321
0.008359775
0.008350704
0.008507671
0.008480908
0.008438941
0.008453055
0.008513056
0.008561345
0.008577737
0.008652739
0.008715785
0.008771945
0.00882164
0.008769004
0.008891062
0.008984612
0.0090919845
0.009213333
0.009334401
0.009361135
0.00949381
0.009655173
0.009831347
0.009893858
0.0101436395
0.010118756
0.010393398
0.010515647
0.010680115
0.0108436765
0.0107978275
0.01085311
0.010833719
0.010869977
0.010819222
0.010683557
0.010790424
0.010696497
0.010689613
0.010550352
0.010593183
0.010548933
0.010512757
0.010588249
0.010419444
0.010367277
0.010352737
0.010300492
0.010376318
0.010369051
0.01027101
0.010222229
0.010403468
0.0102202315
0.010222905
0.010235248
0.010266303
0.010214492
0.010098896
0.010092077
0.01004033
0.01021315
0.010132671
0.010087719
0.010133328
0.010016666
0.010021375
0.009985352
0.009981586
0.010007726
0.009844593
0.009922746
0.010010195
0.009967517
0.009883676
0.010008699
0.010000903
0.009921308
0.00985685
0.009883396
0.009792332
0.009865061
0.009857401
0.009915777
0.009871177
0.009797294
0.009801755
0.009884029
0.009877709
0.009729994
0.00982151
0.009664386
0.009877349
0.009793128
0.00981861
0.009674339
0.009748501
0.009707957
0.009810752
0.009707281
0.009599563
0.00980086
0.009742267
0.009660431
0.009701089
0.009644987
0.009705709
0.009694437
0.009768929
0.009692024
0.009648031
0.0096778665
0.0096395565
0.0096333055
0.009610752
0.009567359
0.009609516
0.0095959
0.0096695535
0.009484055
0.009583174
0.00967311
0.009542579
0.009610347
0.009600731
0.009617028
0.009561224
0.009661211
0.00949254
0.009534152
0.00959839
0.009482671
0.009531229
0.009507183
0.009518243
0.009495419
0.009436964
0.009506794
0.009563258
0.009540129
0.009599725
0.009514599
0.009461812
0.009493351
0.009515359
0.009358753
0.009506136
0.009378047
0.009467695
0.009361015
0.009437872
0.009437358
0.009443848
0.00944103
0.009381941
0.009475255
0.0093226
0.009429994
0.009364216
0.009367607
0.009364557
0.009340214
0.009326692
0.009371227
0.009400729
0.009299794
0.009428579
0.009427083
0.0094262855
0.009321286
0.009350403
0.009405163
0.0093328105
0.009456631
0.009283274
0.009270401
0.009337851
0.009226647
0.009202029
0.0092695365
0.009228884
0.0092981
0.009279305
0.009239245
0.009293748
0.009232239
0.009315197
0.009329309
0.009207912
0.009249529
0.0092813
0.0093171345
0.009151376
0.009237
0.009256964
0.009255848
0.00927729
0.00925016
0.009234114
0.009146096
0.00914439
0.009144496
0.0092141535
0.009116831
0.009194825
0.009212953
0.009280442
0.009237194
0.0091253
0.009139842
0.009308383
0.009191341
0.009161684
0.009131707
0.009127878
0.009114676
0.0091149025
0.009136878
0.009142389
0.009121889
0.009250166
0.009205916
0.009164141
0.009068975
0.009206562
0.009135291
0.0091531295
0.009058515
0.009097283
0.009110573
0.00908678
0.00908306
0.009166681
0.009078976
0.009115677
0.009133888
0.00902898
0.009052362
0.009097982
0.009034082
0.009042625
0.009066984
0.009099532
0.009159401
0.008988532
0.009014901
0.009099722
0.00914066
0.009055633
0.00912809
0.009173149
0.009200009
0.009095675
0.009050048
0.009162924
0.009150324
0.00914498
0.009035709
0.00903937
0.00913025
0.0090865465
0.009140649
0.009163302
0.008984502
0.009135445
0.009156767
0.009131966
0.009030579
0.0090098
0.009044201
