0.008555351645187967
0.006549921926277015
0.006369996181323419
0.006342451974664511
0.006134166966461486
0.006125853188978568
0.006115696522484767
0.006084714359064735
0.006043534475931973
0.005983862120265992
0.005885243276706999
0.00591548648218624
0.005977077324863815
0.005934915669019745
0.0059020400510386845
0.005943073043751511
0.005966477083345939
0.005920917522661651
0.0058960808258562685
0.005881579026592732
0.00591827559782862
0.0058529028525191006
0.005879889636568742
0.005898018137270691
0.005971215225589609
0.005870614312594573
0.0059096206781093456
0.005999381238320647
0.005941483983789402
0.005953768859165658
0.0059170980713538586
0.005932054259660122
0.005898067901782422
0.006002037181325997
0.005927857018608344
0.0058655674701704906
0.005963858188367426
0.005966305611059542
0.005986026425942174
0.005984504452947587
0.006029544339958066
0.005973912221813892
0.006039002601080992
0.00606808480150285
0.0058630860534105034
0.005939823781602775
0.0059951097009555785
0.005926935824427413
0.006012183334190555
0.005968416096967
0.005928695605702401
0.0059890613602491365
0.005927775412819489
0.005957196352362444
0.006014414726834263
0.006015853091443947
0.006007552831484337
0.0059522125917137935
0.005911944891079762
0.005961850085182797
0.005936788596971304
0.005901221990554095
0.005939008474687747
0.005923101153389673
0.005850276948454432
0.005928412739010971
0.005971921641344659
0.005974693234271639
0.005933907612235338
0.005918239551099799
0.005896985498619825
0.005931458186947175
0.00594350079826683
0.00593097556130021
0.005925181850680954
0.005993336402157284
0.005890029481255758
0.005873145593996094
0.005902707716560256
0.0059739913243576906
0.00589060252411418
0.005835759128422532
0.005911392174571201
0.005923695624025781
0.005867561354923198
0.00593520604544634
0.005843408044018344
0.005884605950515517
0.005917245762812218
0.00589796226484102
0.005940247580990906
0.005876970552443013
0.005885525843009019
0.005892417076391015
0.00596141151664883
0.005880165193784604
0.005894575874928071
0.005898818875299488
0.005917153142745113
0.00581824342211051
0.005785605612409855
0.005913790283335695
0.005921094251762668
0.005875897962001037
0.005826200236848317
0.005870111961376557
0.005842929924212481
0.005951260607618661
0.00582385920207112
0.00584767257229725
0.005831744424000303
0.005925111459429955
0.005888604133520369
0.005876892951846248
0.00590650784281621
0.0058242534131026785
0.0058478823442330175
0.005781146331665522
0.005853653826036166
0.0058973066649606245
0.005844237118781184
0.005788433978934727
0.005869997513012556
0.005885710882883624
0.005884903336028272
0.005818850208712297
0.005846122562958028
0.005819177132516726
0.00583713771554026
0.005851941105768246
0.005809743903844368
0.005810499383202535
0.0058495004418377865
0.005842675093865689
0.005879415722214574
0.005836757923200228
0.005848209768686457
0.005812444154287228
0.005778446832196178
0.005823839676759678
0.005851719818905219
0.005826456819466647
0.005858746928428902
0.005812129696643183
0.005841214200050492
0.005837168455389556
0.00580902447121502
0.005867515495473755
0.005800752247600044
0.0059251049509928076
0.005778178484326083
0.005802264508003806
0.005795358755800484
0.005805004760302675
0.005822836175881273
0.005734846311093411
0.005725987827486114
0.005826118631059464
0.005802671485585154
0.005798384177776231
0.005825514347702732
0.005872159315443681
0.005839655179029064
0.005902495140990028
0.0057301041636576506
0.00586964024987804
0.005771752654265062
0.005770219666992229
0.005801512733448324
0.005771456770699339
0.0058193403440944345
0.005833652898031671
0.005769742047835375
0.005780178877515937
0.005725034291379044
0.005863560168024276
0.005781562671383384
0.005803576108283811
0.005782593958281918
0.005730661386007314
0.005787737375900295
0.005776296744951922
0.005872610400202933
0.0057804789665333554
0.005827773776691073
0.005814703082626558
0.00575440816991493
0.005843030054014755
0.005822169011008713
0.005788172189566677
0.005785911508955805
0.005702170652327496
0.005864704651664284
0.005765615698683607
0.005799056549398511
0.005784323149902313
0.005818864427144219
0.005777636782095773
0.005760513284219263
0.005752541750400518
0.005758672197544825
0.0057934642999414344
0.005790737264776464
0.005737203867287982
0.005718951956604732
0.0057324607185542005
0.005766438265009298
0.005775682749004369
0.005846004409791345
0.005817279172114598
0.005712388197741076
0.005771703891051352
0.00581724582889044
0.005857241226527186
0.005765357614118243
0.005728236242196205
0.0057021649449287655
0.005828614366381175
0.00577263179392904
0.005714596059881246
0.005762916699863275
0.005784168249098191
0.005792677279695549
0.005790302200785577
0.005790869686439973
0.005759663782976756
0.005719279631382678
0.00576730208481353
0.005739290271977993
0.0057979779511684
0.005794607782283419
0.005747620120294181
0.005764552320183443
0.005788230515176502
0.005744570416841378
0.005750744921098686
0.005782609228076766
0.005804807003943182
0.005765207869998941
0.0057594802450491875
0.005771352135055962
0.00573143709158554
0.00574221786713692
0.005777991241595827
0.005729835315138542
0.005734044772026198
0.005738332330159625
0.005679943388234307
0.005793383194801589
0.00573546411197345
0.0057863395638605335
0.00574687590553877
0.005784251356834082
0.005824169804717778
0.0057929831762415
0.005774891723566393
0.005697605033733147
0.005754000641619669
0.005729315140815721
0.005795220576673343
0.005687537232438868
0.0057299622296629275
0.005730305174235719
0.0056938496654988105
0.005686057063636736
0.005730966481514847
0.005734866837702876
0.00575205642124889
0.005803797395146842
0.0057692459046651
0.005768513705485962
0.005678664179945339
0.005676383523438915
0.005720013082184344
0.005730324749612064
0.005737821668168022
0.00572450690771046
0.005712413730840656
0.005672233143134602
0.00577207907742048
0.005709399122883554
0.005724153950157439
0.005694323529788079
0.005750853361674551
0.005735503162596336
0.0057294102641278835
0.005777958699410087
0.005783224025062735
0.005740280856111902
0.0056602123601118435
0.00576154692416815
0.005765594170776117
0.00579333212860243
0.005734768710496648
0.005713440561962993
0.005694504514405692
0.005698404069555306
0.005767250818354763
0.005679993703459952
0.005664152167441973
0.005765242014261517
0.00572019031193437
0.005725867421398876
0.005787568156534452
0.005764439674155883
0.0057338970805678405
0.005757575776209909
0.005747896478548459
0.005741822354417932
0.005782061017409309
0.005693688206192643
0.005715956823894169
0.005715899449517466
0.005729821797615233
0.00564285055330592
0.0057473878191529005
0.005749548169701894
0.005646463987545529
0.005735370991257333
0.005729128398734479
0.005708043565620353
0.0056838001378934485
0.005744007987742
0.005690087288178316
0.005681880148934819
0.005766966449716302
0.005705525551417633
0.005738326572695996
0.0057380074089512425
0.005783223224024317
0.0057636801896056265
0.005661311985600432
0.005730753755749912
0.005666141245964172
0.005811516201344639
0.005637560695851715
0.005699322760491182
0.005721859726062806
0.005693893472287306
0.005702168950120857
0.005703083435605038
0.005751461850482978
0.005736865929205306
0.005767561721390827
0.005741797121707759
0.005721970619818825
0.005742734837306068
0.005735329437389389
0.005669525132632067
0.0056313759783545745
0.005705627433491446
0.005619835217603924
0.005623108961489315
0.0057321130178158
0.005716890834689794
0.005694770859679746
0.0057263397837411115
0.005665769964657336
0.005729725172356039
0.005712026929414468
0.005691804514287338
0.00569244884956498
0.005720052633456243
0.005716557102058809
0.005664555189896131
0.005666924761666976
0.005681334441512419
0.005701026969725908
0.005694866984289929
0.005736304951988057
0.005701379927278927
0.005660458379036036
0.005786463724815353
0.005720131936259644
0.005694668226632413
0.005710959345462607
0.005654266352063329
0.005674769931675248
0.005669407980763404
0.005728997228693498
0.005653873342589397
0.005668478275549278
0.005744898041554423
0.005642643785264221
0.00571378200458875
0.0056955073143754795
0.005704981295877365
0.005672448121820086
0.005667013576801594
0.005718100352636381
0.005653250034570234
0.005724052318408129
0.0056666927108502034
0.005694593880254223
0.005726933553468603
0.005659522666033773
0.005755926438106831
0.00569619290313166
0.005705379361906311
0.005706283984604968
0.005736355267213699
0.0056025983727912365
0.005693701473391443
0.00571436375873997
0.005714692685140443
0.005674145121709051
0.0057319988197763036
0.00567836359027891
0.005660862903437227
0.005715387085319223
0.0057064189595784345
0.005661961127108582
0.005704557045905124
0.0056679936473062655
0.005621381221751055
0.005706891071596161
0.005648699635705832
0.005654296891653024
0.005738976164788257
0.00572788048100872
0.005690330102948835
0.005693337801949579
0.0057444983233837415
0.005659625299081105
0.005675819292003095
0.005683390106353131
0.005638108405870158
0.005639483188055399
0.005643815804599854
0.00569937282539232
0.005646363307029342
0.005770615179711216
0.00567513215123498
0.005709270656347235
0.00575008806959576
0.005654102139187597
0.005611458358345568
0.005702905605076197
0.005708326232052173
0.005677134496955979
0.005716116781253305
0.005690542127805152
0.00569327792432782
0.005671919486528976
0.005677426375329614
0.005648629044195229
0.005679573158290395
0.005677652668682754
0.005751536447185674
0.005651005124403223
0.0056329557262450695
0.0057077221489550455
0.005673362356979763
0.005655411035962941
0.0056277144317449694
0.005631041745074579
0.005751843845678657
0.005681637834813311
0.0056932604016124225
0.005733561645730217
0.005670088362769865
0.005671735498017294
0.005682748274320547
0.005634305976628752
0.005654640136615222
0.005704682208157968
0.005649561753303424
0.005638632885774479
0.005660773287264192
0.0056579401145088115
0.005691458065171466
0.005640122717102533
0.005698280909898506
0.005742092204235065
0.005731225817702738
0.0056571105390969606
0.005664654819049395
0.005691410503515384
0.00570430822334647
0.005682417345324027
0.005701098061885523
0.005639635385354858
0.005665172490127158
0.00566649320221917
0.0056630001740667945
0.005610608756973264
0.0057442427921283335
0.005689185118659817
0.005743857492649178
0.00566288252154912
0.005644788866018366
0.00564994449947262
0.00564735864732886
0.0056430486100548195
0.005657334329205046
0.005655549014830477
0.005679761402318672
0.005701503287195332
0.005672955579658021
0.005652087527565819
0.005682280918468424
0.005598880052583743
0.005727109781920608
0.005643552663479474
0.005678501969665654
0.0056245488280460346
0.005591553054302246
0.005639857172866897
0.005691565704708911
0.005681529694626857
0.005687579036631319
0.005618426391285908
0.005686845585829653
0.005654752982902387
0.005660252912681766
0.005671014563440911
0.005728015455982186
0.005648687119480547
0.005619904307167492
0.005656261939022678
0.005619468542267991
0.005689093199501327
0.005718965724452545
0.005694990894920245
0.0056118909190914
0.0056822586395874185
0.005702563711866328
0.005729518654638844
0.005672289215823878
0.005737544308615719
0.005634950812555407
0.005696760939499966
0.005660238343795535
0.005677131693321517
0.005671126208170447
0.005693568300754417
0.005703185568003359
0.005651828191377925
0.005661648922385089
0.005686968244837439
0.005670693647424621
0.005660310687577678
0.0057004261909122545
0.005638091884452784
0.005619426888270244
0.00563147305419788
0.005676402047452336
0.005605293666808886
0.00569856277529191
0.005641803896482735
0.005641478775014747
0.005673609927915888
0.005650175548991369
0.005665502417825655
0.0057530866567844985
0.005644446622354189
0.005634668947162001
0.005712000695406271
0.005656228145214408
0.005708241822628855
0.005677304917879453
0.005721432422131596
0.005543434175871804
0.005694739018402621
0.005650633893161287
0.005594833306624785
0.00566929683668288
0.005679783931524186
0.005670201309186832
0.005674832262477163
0.005671158950615792
0.00568329147849789
0.005689355038934276
0.005612324681394856
0.0057047973574305836
0.005700158644080574
0.005638849366406997
0.005654255337785079
0.00567690439867035
0.005711454487334859
0.005664403993894694
0.005681799544443987
0.005653138890489709
0.005682502956304972
0.005817577558925378
0.005629838485240635
0.005627701615130277
0.005553551791742713
0.005642544656759968
0.00562383620424324
0.005716800167153835
0.005706743380137807
0.005608215154049872
0.005716808678187027
0.005636856032368201
0.005619991420095475
0.005684880538459999
0.005722905331523066
0.005634041633950747
0.005644226336789182
0.005654718438120602
0.005722331587756028
0.005703925226852765
0.005589719677622585
0.0056729385575916315
0.005578459080058702
0.005672618642873361
0.0056389342264144245
0.005718424773195752
0.005653407538749212
0.005596734771569994
0.005632267083529923
0.005682015824816901
0.0056937395227163075
0.005742955022741272
0.005609248994258363
0.005636827745699057
0.005647509092356778
0.005655082710341281
0.005609678050461114
0.005735723948810353
0.005607900446081323
0.005645091958929852
0.00565160965808446
0.005681956247584546
0.005669183189357297
0.005730643362642905
0.005655031093428206
0.005670816807081419
0.005632174713787325
0.0057133434360547835
0.005675956720156717
0.005682884450851641
0.005592606419822181
0.005680952446316739
0.005624438184614519
0.005617551256814025
0.005630887545179073
0.0057041680416232855
0.005727265984412157
0.0055979613616478656
0.005606750755691595
0.005612194312392293
0.005630510806798014
0.0056633576374609165
0.0056560912177097975
0.005649159231498277
0.00563847888613858
0.0056938046070877865
0.005695183895114131
0.005679477534329223
0.005657679777022896
0.005650606107141155
0.005663600702555942
0.005578303878865172
0.005544053979347888
0.005696314560841424
0.005682832884003467
0.00563990523517199
0.005687531174585831
0.0056739425591190475
0.005679622522282916
0.005609526854459677
0.005638347966422105
0.005636264815950666
0.005676591793427648
0.005741395501070832
0.0056416885469505115
0.005611594735136269
0.005672656191549217
0.005679079518365178
0.005653873542849003
0.005694952845595381
0.005651893275749403
0.005630745360859843
0.00557275618717011
0.005607132450497867
0.005713180725126087
0.005572503359419364
0.0056243120210636545
0.005630171817352411
0.0055675536429034885
0.005656025632689306
0.005600306902266166
0.005638437332270634
0.005721180095029862
0.005723982728195548
0.005737589367026744
0.00566044486151273
0.005671892701806865
0.005725417388002551
0.005713088105058983
0.0055983131176432594
0.005686021817946335
0.005754082247408526
0.005594435991569358
0.005622111168009643
0.005639758044362647
0.005670602529304549
0.005711559623627249
0.005609132843687726
0.00559674648675686
0.005615645286027712
0.0056656420988998295
0.0055944135624936475
0.005654549469079263
0.005661064164339802
0.0056976220557995345
0.005717624485751065
0.005615661106536472
0.005640961604585995
0.005658185432524384
0.005638835848883691
0.005600618305951242
0.005650429378040138
0.005675773732943058
0.005668884301897505
0.00567399542765465
0.005700405864562394
0.005617038592226374
0.00557188405659229
0.005684145335386792
0.0056131044922949755
0.005615205716195722
0.005579899947913442
0.005630996186014542
0.005686830566359311
0.005678500567848422
0.0055588171173953605
0.005721423911098404
0.005655424853875655
0.00561785565141294
0.005686095613610609
0.005584499660705467
0.00563368667380168
0.0056383106680707555
0.005568174047158386
0.00572234310268329
0.005677459918813374
0.005551500132094092
0.005636593441961733
0.00565330961180259
0.005660441106645143
0.005617168260320319
0.0056071763073512635
0.005644716271911715
0.0056113156733773265
0.005607493518564872
0.005675433291615321
0.005673885284872147
0.005734231514107441
0.005654148198896643
0.005675897643573374
0.005636679052942679
0.005736340548132764
0.00569103231325219
0.00563213015602531
0.005670229545791072
0.005667633180018075
0.005643815804599854
0.005650424371550026
0.005646177365986517
0.005612068148841425
0.005595095146057736
0.005612850663246207
0.0057240993794152005
0.0056515410191049975
0.005609114820323315
0.0056757920066319726
0.005624342560653346
0.005649218308081618
0.005637156672099532
0.005661008091650527
0.005673673510340332
0.005627546514066553
0.00561158602384347
0.005689749550355241
0.005594237834690653
0.005648832307693847
0.005589483871938227
0.00553168694746886
0.005675287602753011
0.0056347700782622984
0.005625941433336079
0.005702204796590072
0.0055691369954668675
0.005689899294474544
0.005596370799738723
0.005645331769806301
0.005756336970296159
0.0056058190478814225
0.005664522647710391
0.005679509075216938
0.00567053924726951
0.005622600802742767
0.005687145474587466
0.005629912781553924
0.005719671138909574
0.00558902728003985
0.005611537961538378
0.005632167454376659
0.005601626613060154
0.005639353019312442
0.005644864163629674
0.005656616899171741
0.005579314188570132
0.0056672426737892
0.00556853020886508
0.005660358249233759
0.005671398360973035
0.005636860788533807
0.0056472237224202936
0.005721824179982998
0.005601444877469024
0.005627074602308429
0.0056863839874411615
0.005672199099001828
0.0056563019909435875
0.005624286187574666
0.005667765351357079
0.005661932289725527
0.005655418345438507
0.005687586546366489
0.0056338991492421095
0.005653844004557333
0.005681785526271668
0.005659289563854075
0.005620167648547477
0.005620436497066587
0.005635964626803445
0.005640988940022015
0.0056543424507130595
0.005586398872730124
0.005542229414090826
0.005643970505144367
0.00562851622113669
0.005628615099316437
0.005637223508742551
0.005664612764532439
0.005629426651363876
0.005628842393967601
0.005554769670527789
0.00565923128830915
0.005640947286024269
0.005590515709550673
0.005609484549618218
0.005694053429646442
0.005622998117798198
0.005707196767882509
0.005598063994695198
0.005662884524145168
0.005637834550860936
0.005630410426671233
0.005665423815930868
0.005666020389292826
0.005654551221350801
0.00569850720325165
0.00556757747379643
0.005700192888472955
0.005618428393881955
0.005673697541492878
0.0055919828614785115
0.005671920237502492
0.005630142579450144
0.005612368838637659
0.005704055395595723
0.005630061474310304
0.00569267814681219
0.005603069483510942
0.005635856987265998
0.005626774913810219
0.005550362857799849
0.0056233332522464125
0.005641057729196178
0.005635266972406091
0.005698945771785614
0.005657176124117449
0.005660305931412071
0.005618147329526968
0.00561113764258888
0.005678307016940623
0.005618591104810653
0.005634606366035579
0.00564360753461112
0.005707422260197231
0.0056350404287284425
0.005617773544975074
0.005583614963837462
0.005684316056699672
0.005611217546171098
0.005634922776210769
0.005629450382127016
0.005664841561130638
0.005636353380760779
0.0056208265026464485
0.005609336607835356
0.005657447475881615
0.005655995093099614
0.005705146309791513
0.005628621858078089
0.0055908601560705
0.005614836237225327
0.005614467258903942
0.005635163788644847
0.005619776641669593
0.005673056210109305
0.005641003859362554
0.005674095056807913
0.005716518552084935
0.005577834270092502
0.005668574900808472
0.005617891898401363
0.0056192389446313735
0.005633437100269509
0.005625593682532777
0.005647568669589132
0.0056486165279699425
0.005646863255132102
0.00562164506378005
0.005630721329707298
0.005612433923009137
0.005596549531435783
0.0056339845599634505
0.005667848158703558
0.0056656333375421294
0.005600456596320569
0.005639760547607701
0.0055918864865438225
0.005571621716510329
0.00573752678590032
0.0056288353848814405
0.005692804560687563
0.005610569506090772
0.005603640223383912
0.00566597703308844
0.005623914005099609
0.0055910739331983565
0.005643278107561636
0.005696288326833228
0.005631028427810874
0.0056295382960934144
0.005613719539605451
0.005595293403066241
0.0055847732653901815
0.005706441238459441
0.005675837816016515
0.005626410241070334
0.005580369056037101
0.005657937110614744
0.005629563829192994
0.005659473852755163
0.005597711537791189
0.005672633161694692
0.005668734607843103
0.005693872495093732
0.005528621974221213
0.00561653143477785
0.0055964601155223505
0.005669035497898939
0.005580898242042128
0.005595726965110091
0.005629390103986045
0.005636726614598761
0.0056396318808117785
0.005580795408735191
0.0055904536290732635
0.005651194369729521
0.005721923558811757
0.005613056429989884
0.005571475226609601
0.0055951261862964416
0.005709538503568321
0.005605783501801615
0.005681293888942496
0.00560575246156291
0.005633377272712648
0.0056239617670152935
0.005654155207982802
0.005636855782043696
0.005662490012724202
0.005622432584674945
0.00566206796560761
0.005614722089250733
0.0056050345308805965
0.005602007606957811
0.00561741558093194
0.005615324870660433
0.005615269298620168
0.005607180813192368
0.005591135012377745
0.005622480646980036
0.005629553816212767
0.0056769522607158385
0.005607277438451565
0.005674770682648766
0.005631511854496261
0.00564761172540411
0.005613154256806705
0.005598608700819576
0.005550189432982307
0.005618971097410287
0.005591423386208297
0.005693219849042499
0.005708945234489841
0.0055959357357478375
0.005640969614970177
0.005613197613011093
0.00560617100413642
0.005650965072482311
0.005635397391473554
0.005577039239462436
0.0056485514435984634
0.005605484313952415
0.0056087523504390795
0.005605677864860216
0.00560626162160748
0.005614532042886015
0.005613450941410849
0.005671684932467145
0.005625438981988262
0.0055557678645266695
0.0056022313970658984
0.005600465307613364
0.0056441597504706675
0.005613735560373817
0.00560788722894742
0.005681477627129672
0.005808644228290878
0.005690774679270936
0.005619217416723884
0.0055811150230640535
0.005650518994213174
0.005637875604079869
0.005688140264173071
0.00565510864396007
0.005571692308020933
0.005630896807185784
0.005657483522610434
0.005693963312824395
0.005632126901806736
0.005534907622559046
0.005581936588091722
0.005638672637305981
0.005581036621428872
0.005593605014340274
0.005592220419434411
0.005604704903571506
0.005605149680153211
0.005666905737004542
0.005749806704851367
0.005586793384151087
0.005605374972208333
0.005529778974086503
0.005648884875840043
0.005625459007948718
0.005594400745878955
0.005649723212609592
0.005586903326673986
0.005676715954382468
0.005686084399072754
0.005605248808657465
0.005640492997111346
0.005584076862615359
0.005615705564168683
0.00555770943145769
0.005668347606157307
0.005565697787083215
0.005608368352647353
0.005741954025107925
0.0056122791723997225
0.00569024148807382
0.0056355871374488675
0.005647784449313038
0.005637006978045129
0.005613715984997471
0.0056090597489320635
0.0055572896372616505
0.005642842292597231
0.005589563475131034
0.005611523442717049
0.005620925130501691
0.0055745234781802685
0.00562006651744718
0.005628310955042022
0.005572953943529602
0.005677975837619598
0.005665374752327756
0.005670497643336666
0.00558806753588504
0.0056152139769044115
0.005589483371289213
0.005658008953747876
0.005655740062493216
0.005581215903839848
0.005567683811646445
0.005539695829703852
0.00562050088052945
0.005603682277900866
0.005611474379113934
0.005582348622228087
0.005667753335780803
0.0056278891582499406
0.005592128300016317
0.005667013877191002
0.005562697647882541
0.005634793108116823
0.005655558326902088
0.0056554328642598375
0.0056783380571793305
0.005717252503535614
0.005569742079862018
0.005620311635203151
0.005626230007426237
0.005645035886240578
0.005627637832446227
0.005620488764823374
0.005617132413851105
0.005537072428884239
0.005717449759246093
0.005639232362900699
0.0056364983186495705
0.005659052306287585
0.00564657538195056
0.005574209571250136
0.005646612429977404
0.005588863768072736
0.0056192853047298255
0.00561714452955718
0.005627989037727711
0.005600630321527517
0.005603851497266712
0.005541278381228815
0.005641150349263285
0.005609294052669389
0.005653412244849921
0.0056242724697917554
0.0056480530475076385
0.005568312927194142
0.005605039537370709
0.005580664138564409
0.005568827594377836
0.005620242245250172
0.005529402986678961
0.005732211895995547
0.005593003434488205
0.005617613337291434
0.005665720200145605
0.005594457819866252
0.005561787968628871
0.005660271636954791
0.005666843155878122
0.005607244896265822
0.005648477097220275
0.005624912799877304
0.005648007538512505
0.005571471321547313
0.005582571411038148
0.0056429717103666744
0.005617296426467231
0.005605934697803053
0.005575902265557599
0.005607729724768442
0.005600961751173048
0.005656163311167437
0.005662959621496875
0.005566001430708617
0.0055905634714663605
0.005648224019145023
0.005597709535195145
0.005676905700357782
0.0056600120504423914
0.0056475248127357365
0.005527118024591037
0.0056213892321352365
0.005673947865998567
0.0055672929048983626
0.005555600647756871
0.005608820438704627
0.005588467854834539
0.005628033345165215
0.00563853045298675
0.005658222480551227
0.005667579109924844
0.005590403564172125
0.0056921104108332895
0.005578981256977567
0.005601981072560209
0.005562262583891655
0.005603326817102792
0.00562302435180639
0.005603080297529588
0.005594484854912868
0.005689484006119609
0.005527936085075627
0.005666414900713791
0.0056558361370384995
0.005634427133689506
0.005610808515928803
0.005616971505258849
0.0056645887333798915
0.00563023920470934
0.0055893346785328354
0.00557616760953363
0.005586805149402857
0.005578142169234499
0.0056070756768999775
0.005566629444828487
0.005611615361875536
0.005641888806555064
0.005649949455897832
0.005612360027215058
0.005574883144430042
0.005657235200700794
0.005603903064114886
0.005585494199966567
0.005611581217612962
0.005676402548101347
0.005673121795129796
0.00559170725419775
0.005518873336671687
0.005621070318714991
0.005621899593737432
0.0056035018439971685
0.005608354334475033
0.005638191012957036
0.005595433835113931
0.005619277494605249
0.005568644356839675
0.0055740598771957355
0.00559942525935713
0.0056607484550732275
0.005648101360137237
0.005546344448574936
0.0056003079035641876
0.005644581296938249
0.005628509462375035
0.005635131046199503
0.005610084076809338
0.0056121687792927135
0.0056527603998371085
0.005567038775460189
0.005562611035603573
0.005611327939278106
0.005608283943224034
0.0056537812231713044
0.005552667144939611
0.0056238349025558125
0.0056040657750435815
0.005560099780162507
0.00556584397659454
0.005742938801713302
0.00563202752297798
0.005689190325409534
0.005600460601512658
0.005584782777721399
0.005602706763302202
0.005556533657254472
0.005590234094481773
0.005559987935173368
0.005551047545387807
0.00565116082624576
0.00551911284715873
0.005681302900624701
0.005542961563205063
0.005611461362239637
0.005606206550216228
0.005528286539383592
0.005732676998927116
0.005609172895608637
0.005612117713093552
0.00552455470165279
0.005632857098389829
0.0055175756544342
0.005648572971505953
0.005578147676373624
0.005582867544928378
0.005681457601169216
0.005705335254728407
0.005630734847230604
0.005593988461418087
0.005623035115760138
0.005594996267877987
0.005565068471275916
0.005595407551040836
0.005641896816939246
0.0056480936000775596
0.005557732711636721
0.0056174701516741804
0.005605647825919531
0.0055913342706842735
0.005647430991111004
0.005555033963140893
0.0056555344960091455
0.005614824722298065
0.005528675043016417
0.005612383757978198
0.005529336600620051
0.0056744562250047184
0.005655284171503456
0.005597993653509102
0.005604366965488827
0.005622602555014309
0.005675519403245278
0.005589958487201011
0.005539716356313319
0.005573045562298685
0.0055685982971306275
0.005614890607707964
0.005731171747609509
0.005635318288929757
0.005623338258736524
0.005647736887656954
0.005680983486555443
0.0056130789591953955
0.005499665636960815
0.005532130021843929
0.0056756110220143605
0.005574336035190409
0.005574468707178426
0.00557913415518564
0.005589451830401498
0.005630606180434679
0.005610221755287469
0.0055980907794173085
0.0055595998320597485
0.0056037280872854095
0.005607641410282835
0.005636509332927823
0.005600134679006254
0.005580475694276526
0.005679940634664747
0.00561066182576847
0.005588742110362971
0.005654892663976561
0.005591003541947359
0.0056336626426491355
0.005618395651436611
0.005619676011218304
0.005597325537403419
0.00562934053973392
0.005628870179987731
0.0056522282099380145
0.00562583849989934
0.005626915896571824
0.005603489027382477
0.005598577410256365
0.005561730894641573
0.005556689359097012
0.005569540518570037
0.005615577197762165
0.005616545452950167
0.005553862895038381
0.005615412984886434
0.005616255076523569
0.005620269780945799
0.005651285237525085
0.005595998016484851
0.005570269663790207
0.005603403666726035
0.005596357282215415
0.005651357831631737
0.005575311499724176
0.005630547804759954
0.005595321439410876
0.005641065038671744
0.005638953501401364
0.005594003230563923
0.00561058447549621
0.005578990068400167
0.005612675936741238
0.00560795331461692
0.005590055613109217
0.005584564995401451
0.005625490548836433
0.005622928026936602
0.005618948067555764
0.005598953647988415
0.005623529206269465
0.005652359179719391
0.005602738053865411
0.005580684965563283
0.00558792885610889
0.005658293572710843
0.00557343256398448
0.005574677678075772
0.005483943555796949
0.00561986225265054
0.005608966127566937
0.005607264421577268
0.005635104511801899
0.0056546648686763845
0.0055895559653958635
0.005600815311337219
0.005600125166675037
0.005622010237168947
0.0056898049221359
0.005578737440909026
0.005626579260176573
0.005614482278374283
0.005631695592683435
0.00557326935240677
0.005699365315657148
0.005568752797415537
0.005628782316086234
0.005615554668556653
0.005621878366219349
0.005614689246675587
0.005574871429243178
0.005623296704868582
0.005673247958680664
0.005611781527282413
0.005568298408372813
0.005544873041130497
0.0055943484781221684
0.00561667141624143
0.005654471918547399
0.005555302060686484
0.005576490327886363
0.005581676550995214
0.005614534145611865
0.0056333620029178025
0.005606929687648259
0.005565274488344097
0.005575162806967799
0.005644631361839386
0.005560341894024409
0.005671295427536294
0.005624135291962636
0.005537873467302444
0.005556173189966282
0.005621663087144459
0.005650124482792212
0.005524935695550447
0.005544879048918634
0.00569750790782494
0.00563117692030765
0.005625223702913371
0.005624892273267838
0.005657521071286288
0.0055571279276309775
0.005635012893032819
0.005616400264736868
0.005548026428993557
0.0055890077547284065
0.0056307638848732645
0.005587655001099666
0.00559848604181179
0.005655635827369048
0.005586536551208251
0.005660018809204045
0.005625659267553269
0.005578129653009215
0.005577361657425765
0.005627351961860732
0.005601673373677816
0.005548659249343935
0.005665181001160351
0.005587544858317163
0.005640950840632248
0.005616457338724166
0.005660246103855212
0.005602181832813771
0.005543756593835128
0.00564948114881259
0.005623948549881395
0.005614098280582558
0.005602467703399267
0.005621792254589395
0.0056206898254663445
0.005579645618215663
0.00566270729439514
0.005516701521260335
0.005590085652049902
0.0055573001508908895
0.0055617566280007575
0.00571510622122384
0.0055862950381251626
0.005619182171033482
0.005580392586540639
0.005602121955192012
0.005611232565641438
0.0055805963506882685
0.005574013316837678
0.0055742065673560675
0.0055967542968814385
0.0055551438555988914
0.005640812411180606
0.005614722589899746
0.005577902859007062
0.005560672522631524
0.005659716116811767
0.005612708979575987
0.0056008791440861705
0.005517655257627007
0.005604278050224406
0.005566191877592544
0.005592930840381554
0.005620548642445134
0.005630956885067149
0.005637402791153524
0.005564341028262388
0.005594187469400108
0.005634509740776384
0.005565907809343487
0.005641931612045537
0.005581448204981124
0.005598966965252118
0.005538506287652822
0.00556286436400333
0.0056447124669792275
0.005632781500389111
0.0056185615665189795
0.005488137792954659
0.005595884669548676
0.005653263051444531
0.005665934978571484
0.005678533310293768
0.005469523862971282
0.005592752308944096
0.005656801939046345
0.0056044125245488605
0.005570485743903519
0.00559084563724917
0.005634460176524257
0.0055976237239545945
0.00564240797957986
0.0056053374235324775
0.005576837477910853
0.00560096325312008
0.005544143094871912
0.005596676195635664
0.005538193882669723
0.005543867237266644
0.005615344395971875
0.005636129340328188
0.005667582414208321
0.005630389900061767
0.0056792171968433084
0.005642806696452521
0.0055536759526975355
0.005635348828519452
0.0055832903430184854
0.005545302097333248
0.00549979830894883
0.005606882426381587
0.005636544879007631
0.005613923053428576
0.005638484193018098
0.005575691492323812
0.0055668405184516835
0.0056512742232468355
0.005613207125342307
0.005568589786097432
0.005579416621357861
0.005546605787358874
0.005543932822287136
0.005567547234596143
0.00556786314412232
0.005637707386012047
0.005654230805983519
0.0055454532933346835
0.005670814804485373
0.00558932166165854
0.0056142239434844145
0.005589576992654343
0.0054832606705454345
0.005695373140440432
0.005614918343663193
0.005534750118380068
0.005585189304718636
0.00561442745730754
0.005589213521472083
0.005566413164455572
0.005512132097733501
0.005630636219375364
0.0055688648426642845
0.00557725101399425
0.0056099093503043694
0.0055919725981737785
0.005661053650710562
0.005543766606815356
0.005640712281378329
0.00565972322602773
0.005621652573515219
0.005646935849238751
0.005652519087013625
0.0055790808861308295
0.005552856890914923
0.005614605438031084
0.005549223430714858
0.005663610665471266
0.0056103549279244965
0.005623104956297226
0.005568349975220983
0.005580112223094267
0.005574514967147078
0.005596786839067177
0.005637296052784299
0.005589940964485612
0.00565897866081801
0.005696353911853718
0.005559789077386048
0.005551399000993792
0.0056650054736169615
0.00553071789124244
0.005613799893771779
0.0056277134304469475
0.005576124553718652
0.005611450347961387
0.005505929056482544
0.005589779254854938
0.0055425585407509045
0.005621544433328764
0.005657134069600494
0.005617036589630327
0.005600486635261251
0.005564071729159166
0.005582500068554027
0.005530480383351442
0.005541652366040311
0.005605807332694557
0.005569240880136729
0.00555744233521012
0.005647653279272055
0.005633716212093354
0.005628827124172753
0.005571166125909978
0.0056450456989612
0.005641517825637635
0.005543942835267363
0.00558384456147408
0.005590265385044985
0.005593106568184549
0.005536144225617146
0.005564836921108154
0.005627288579695891
0.005537435399417488
0.005615952684520697
0.005616435810816676
0.005574817359149948
0.005584890917907855
0.005591172561053601
0.005617924991301017
0.005684416737215859
0.005592306531064367
0.00551869260237858
0.005602757278787449
0.005670743462001252
0.005594658580119814
0.005698116196373764
0.0055529547177317435
0.005602064680945109
0.005629616147014684
0.0055723271309673595
0.005539636252471498
0.005550091305776077
0.005632134161217404
0.005604002192619136
0.005625723350626725
0.005595264866072592
0.0056084809986749135
0.005593849731577034
0.005579793309674018
0.005571461508826689
0.0056079342899544886
0.005598324332181113
0.005612916748915711
0.005592766877830327
0.005614288727466487
0.005571300800494037
0.005581463975424983
0.005576763381857169
0.005583217949171441
0.005545510367321979
0.0055240397340796865
0.005692018041090691
0.005600161213403854
0.005554583128706149
0.005578840324280865
0.005646247957497119
0.00565469540826608
0.005592462032647303
0.005528866290938764
0.0056363718547092975
0.005523468293298102
0.00561986976238571
0.0055594952464812705
0.0056681258186452674
0.00558236864818854
0.005608597149245552
0.005572063789587376
0.005620173155686603
0.005555655518888516
0.005587290027970374
0.005571237218069593
0.005597336551681668
0.005568944746246499
0.0055911119825232235
0.005625410695319118
0.005558562487308175
0.005624166332201343
0.005588981520720211
0.005574537746677093
0.005581632694141818
0.00565353240061265
0.005531348508737169
0.00563347940511097
0.005511011144597028
0.005628099931483729
0.005689818439659206
0.005528214245666348
0.005627996497397978
0.0056139836319589525
0.005588948177496052
0.0055876002300978235
0.005602319010642889
0.005538589395388712
0.005697655599283299
0.00560371932592771
0.005566883073617649
0.005498738935640758
0.005543276671692823
0.005606640112260082
0.00563558163030974
0.005518522682104118
0.005576606178067598
0.005599899373970904
0.005581956113403169
0.005643275904705984
0.005611274119509384
0.005629342542329966
0.005541992106459433
0.005563719172125353
0.00559851958529555
0.005682731252254158
0.005544391917430567
0.0055719661630301565
0.0055968669429089955
0.005652909893631907
0.005594120883081597
0.005583005473731012
0.005653093832078683
0.005596047380477373
0.005562971002242752
0.005644384041227766
0.005586696258242881
0.005568057596198339
0.005578359701229943
0.005564966388942495
0.005547855407291271
0.0056392548921062125
0.005603827666373771
0.005567384723927049
0.005605695888224626
0.005573483129534628
0.005573774306999645
0.005592387636204212
0.00554189998704134
0.005606957774057799
0.005510390640212331
0.005561327371538405
0.005584585021361905
0.005678924317171651
0.005577690083177226
0.005620862549375267
0.005632915924648666
0.005619473749017709
0.0055749052230514426
0.005600494445385829
0.005603275250254618
0.005564309737699174
0.00559744669446417
0.005610648808894173
0.005607904751662819
0.0055562998541661595
0.005539129595671987
0.005646364408457166
0.005552852885722833
0.0055320166749077545
0.005549368869252661
0.005543999158281141
0.0056514341806059715
0.005591347537883077
0.005639802902514064
0.005584487895453698
0.005556556887368601
0.0056187913644152035
0.005586966108060014
0.005614886001737059
0.005608223665083065
0.005681192257193188
0.0056096379985402026
0.005569549279927737
0.005570840203403571
0.005542578566711359
0.005567128892282234
0.005564747805584129
0.005584246582630217
0.00558956898227016
0.0055538677012688924
0.0055873654257114855
0.005598704074456244
0.005632354246522802
0.005588814704469621
0.005549704804739295
0.00555951452146821
0.005559550367937424
0.005609344618219537
0.005608762363419307
0.005624199074646686
0.0056039048664513254
0.005591775342463297
0.005596835902670293
0.005602622403943784
0.005548844940062256
0.0056221026569764476
0.005590880432355462
0.005532751627656455
0.005543679493887378
0.005639270412225565
0.005627831783873237
0.005629600877219835
0.005549813946223775
0.005610086079405385
0.00558951441152792
0.00558563037649766
0.005624299504838367
0.005590179273415028
0.005546560428558441
0.005546496145225381
0.005604017212089477
0.005532311557175454
0.005584634585614031
0.005660296168756349
0.005532096728684672
0.005499077674761855
0.005609221959211752
0.005536665901887002
0.005579581034493197
0.005595001524692609
0.0055803422212500915
0.0056673565213743865
0.005631909369811293
0.005548248416765201
0.005583531655841969
0.005610613763463376
0.005616861362476346
0.00560038400221392
0.005625967667344275
0.005553082683619053
0.0055292798270221615
0.00556012230936802
0.0056280363490592835
0.005656908777545374
0.005559925303982043
0.005558111702938331
0.0055331928996950825
0.005573138683014802
0.005541654869285369
0.005586648195937789
0.005517084517754039
0.005517630475500946
0.005602773299555811
0.005604241002197564
0.005520716225682565
0.005522018914410167
0.0055457945357008384
0.005554221159470925
0.005549245709595861
0.005614869280060079
0.005602221884734681
0.00553420941744778
0.005591058663403511
0.005643168465428143
0.005547465401711406
0.005577695089667339
0.0055523407217841925
0.005512790951832472
0.0056013362366335575
0.00558663718165954
0.0056408882595058284
0.005588466052498096
0.005643028283704959
0.005501723104137971
0.005573096628497844
0.005542717446747115
0.005492021327335907
0.005624546825449992
0.005601551715968052
0.005592547343238841
0.005551264827058745
0.005623195573768282
0.005585930265255474
0.005654678386199691
0.005548957335765308
0.005492962247087888
0.005539048790921552
0.005603273
0.0055785156
0.005572215
0.0055735214
0.0055662678
0.005501912
0.0055250768
0.0055210036
0.0056139464
0.0056450847
0.005527627
0.0055253115
0.005609944
0.0056278505
0.005626557
0.005616225
0.0056440523
0.0055879895
0.0055972287
0.005644126
0.0056611234
0.0055939094
0.00560701
0.005577604
0.0055996976
0.005631222
0.005699938
0.0056714388
0.005641508
0.005730014
0.005637634
0.0057072123
0.005671613
0.0057212315
0.0057519088
0.0058000446
0.0058424724
0.0057671447
0.00580895
0.0058294777
0.0058416044
0.005860667
0.0058530276
0.005913276
0.006046621
0.0059752027
0.005944953
0.0059073316
0.0059366706
0.005978297
0.0059812916
0.0059788986
0.0059227734
0.0059357034
0.0059533897
0.0059089735
0.0059766807
0.005928965
0.0058978368
0.0059609218
0.0060436632
0.005821531
0.0059027937
0.005901761
0.005868429
0.005827771
0.005869939
0.0059040133
0.0058757244
0.00598857
0.0058328733
0.005875663
0.0058974717
0.005882421
0.005891616
0.0058235005
0.005806028
0.005920647
0.0059479894
0.005908382
0.0059266104
0.0058888225
0.0058506704
0.0058422284
0.00581524
0.005826925
0.005836182
0.0057721566
0.005863122
0.0057715243
0.0058546676
0.005776872
0.0058623035
0.0059498716
0.005842255
0.00584443
0.005838775
0.005833764
0.005899201
0.005830975
0.005813573
0.0059376056
0.00582979
0.0058637243
0.0058188345
0.00589421
0.0058193924
0.0057655927
0.0057958327
0.0058228946
0.005851274
0.0059019784
0.0058105993
0.005837462
0.00578704
0.0058215903
0.005855931
0.0057377885
0.0058902
0.005810531
0.0057742805
0.005839889
0.005790456
0.0058290916
0.0057677138
0.00578804
0.005809275
0.0057818466
0.0058822767
0.0058066216
0.0058257766
0.005725237
0.005765938
0.0057560415
0.0057439446
0.0057762405
0.005827904
0.0058576814
0.005778261
0.0058273235
0.0058087483
0.00580751
0.0058086584
0.0057881614
0.005852263
0.005756017
0.0057877414
0.00584065
0.0057595577
0.005776542
0.005812853
0.005784506
0.005755942
0.0057250326
0.0057607247
0.0058162822
0.0058769616
0.0057784277
0.0057587684
0.0057234867
0.0058198664
0.0057947375
0.0057738614
0.005785066
0.0057365494
0.005814822
0.005734285
0.005756057
0.0057519255
0.005774437
0.005747063
0.0057977983
0.0057535735
0.005779326
0.0057270476
0.005718454
0.0057267197
0.0057567935
0.0057868133
0.005735614
0.0057934946
0.0057781115
0.005808243
0.005820967
0.0057793465
0.0057756593
0.0056764726
0.0057475157
0.0058037103
0.005728463
0.005771494
0.0057584895
0.0057197837
0.0058455686
0.0057228724
0.0056963256
0.005730536
0.005777168
0.005742141
0.0056958
0.005726124
0.005776168
0.005720186
0.005783666
0.0057632304
0.0057655596
0.0057436363
0.0057320595
0.005769795
0.0057237037
0.0057907905
0.0057183425
0.0057501844
0.005706088
0.005700895
0.0057526734
0.005760754
0.0057247085
0.0057109157
0.005733791
0.0056932922
0.005717968
0.0057764878
0.0057427725
0.0057948804
0.0057184184
0.0056864135
0.005807394
0.0057893014
0.005693855
0.005716699
0.0056965705
0.0057308604
0.0057507646
0.005684751
0.0057872175
0.00573146
0.0056877946
0.0057497313
0.005735807
0.0057267835
0.0057656644
0.0057724533
0.005695318
0.0057254513
0.005695899
0.0056626876
0.0057437
0.005725345
0.0056916927
0.0056776665
0.005744698
0.0057900157
0.0056621027
0.005701842
0.0056959493
0.005727202
0.005676506
0.005728191
0.0057663545
0.005802327
0.005674719
0.005717319
0.0057221837
0.005730906
0.0056590424
0.005735306
0.0057307133
0.005754384
0.005741135
0.0056641363
0.005722976
0.005773015
0.005761253
0.00575993
0.0057239197
0.005755194
0.005730302
0.0056388807
0.005727092
0.005686508
0.005666916
0.005720431
0.005770307
0.005699001
0.0056709717
0.0056773634
