0.014073480016130725
0.013191608811147273
0.013014815627057863
0.012885054412395198
0.01269751629922362
0.01257602280233483
0.012478288605578935
0.012378196351979466
0.01231506851683696
0.01221633152011128
0.01218884088289659
0.012142892317930464
0.012138956215403021
0.012111904146722295
0.012050188642440887
0.012025405515079721
0.012042204792656462
0.012059840154082208
0.01200378699011947
0.011994597577515649
0.011963505271313115
0.011921441242026262
0.011894600447228334
0.011924902228641909
0.011971634309310837
0.011883447489201898
0.011870117709273993
0.011894896330794059
0.011901455333492104
0.0119477283190176
0.011906371706783825
0.01189531887855966
0.011848434099942263
0.011922049530575081
0.011853063601350458
0.011901642075573348
0.011968844192370431
0.011910751384335344
0.011954408478776398
0.011923792289783684
0.01192441209325977
0.011951307959448943
0.01192681721111042
0.01196355884075733
0.01192819499718973
0.011898677232127975
0.011893793401021997
0.011882021140168487
0.011975063755038765
0.011796713552523975
0.01184031908011686
0.011914521271391013
0.011878638755447623
0.011895536660879611
0.011865260412565616
0.011880065605130047
0.011924210331708185
0.011849670202351347
0.011831297384931848
0.011875773541155515
0.011808969440322472
0.011837636102064888
0.011812126532988219
0.011793187982185859
0.011798460817573677
0.011769457219046606
0.011830813257337846
0.01181101108699087
0.01181271429492757
0.011798672091456477
0.011761126419497296
0.011775626216164788
0.01173846153810327
0.011731718296569035
0.011770786942820822
0.01183918861464917
0.011731598641455319
0.011778147985235094
0.011742627939175946
0.011781260019489813
0.011715908802087784
0.011754630498574689
0.011725417628760858
0.011769399143761286
0.011682442918922313
0.011712566469287831
0.011685752709536526
0.011747130275735257
0.011682414381928664
0.011711624247848423
0.011715324044042496
0.01174405879405046
0.01170320733666916
0.011698302478304704
0.011727395693004815
0.011703755046687603
0.011657100065966429
0.011682123004204042
0.01172610001336337
0.011662253246240525
0.01164059416871035
0.011710172866364442
0.011686137708626273
0.011680698657766678
0.01164865712103857
0.01165455927223369
0.01164528474929794
0.01170972478549926
0.011592053743812327
0.011606931029834395
0.011647214250587783
0.011687709245872981
0.011671599361984905
0.011676882210352955
0.011660131495730315
0.011646210949968988
0.011665636632259412
0.011600415583600343
0.011568641894093323
0.01162432607973468
0.011652431513935342
0.011613425949458986
0.011701168193245822
0.011588808036271573
0.011599178980542241
0.011617060160632568
0.011583891662979852
0.011595497708361591
0.011555517880909095
0.011649629381418667
0.011584094926478473
0.011594375253278081
0.011587791218129468
0.011552904993718721
0.011621605052357846
0.011609539411183667
0.01165494877716454
0.011549609721925843
0.011621468875826753
0.011520932546554188
0.01158199570517377
0.01157168584008249
0.011594160975501212
0.011604175958324792
0.011653051818060438
0.011591654225901247
0.011562682168261899
0.011615634812897178
0.011529670874398754
0.01157678244701831
0.011551095147542592
0.011595237370875672
0.011544649792170134
0.01158522038545605
0.011565840262225662
0.011524234326784214
0.01148183636460677
0.011592282540410526
0.011547511001270147
0.011536562808689367
0.011516087766071097
0.011579074918841399
0.011598829026883287
0.011578195779177423
0.011500965162033451
0.011553950348854475
0.011515489991151515
0.0115450533152733
0.011569869485469217
0.011484840759324046
0.011527342856495851
0.011544351405359355
0.01151742700217653
0.011498331748233611
0.011499721049240179
0.011570425706520856
0.011522309831984483
0.01150947219003476
0.011519021569277761
0.011485047026716735
0.011537099003780549
0.011537953110993959
0.011552585579649463
0.011492715968272997
0.011531997390354624
0.011515872486996202
0.011480242298154548
0.011486789285276319
0.011532782908653472
0.011474015225751045
0.011478556112284235
0.011473405935904204
0.011498495961109339
0.011454363750756489
0.011479082795044204
0.011467752607267737
0.011547658192079494
0.011503850402286013
0.011521703045382695
0.011494177863386221
0.011425795716869315
0.011548609425201108
0.011526975880770514
0.011479057261944621
0.011489309051750581
0.011520256670388829
0.01148681081318381
0.011451985167303438
0.011494111777716715
0.011490852052003644
0.011457258002691257
0.011486080866925225
0.011547874472452408
0.011494490268369318
0.011460699463995463
0.01147024483804637
0.011462377138832587
0.011487947787088648
0.011407927553653285
0.01148164962252553
0.01145956399203766
0.011499264957990817
0.011487150253213525
0.011414695326989072
0.011473899575829418
0.011435467755120105
0.01143883111517853
0.011462489284211135
0.011431029000985238
0.011474319620349964
0.011504910276243101
0.011437135416976999
0.011483149566963611
0.011528892365186064
0.011489871280590357
0.011449138477024756
0.011423197348500273
0.011452263528153764
0.011470168238747627
0.011421923196766322
0.011456327296179113
0.011404373946970536
0.011475200762609987
0.011392590171189765
0.011400446856125294
0.011469862842850691
0.011407869979016974
0.011436143130636452
0.011436004450860298
0.011464347693341363
0.011462521826396873
0.011428903245282934
0.011437747210068903
0.011440339070000798
0.011435262989674446
0.011448104136167246
0.011414986704713694
0.01146390311701926
0.011414512089450912
0.011392672778276637
0.011399638307971924
0.0114279995738174
0.011416790543101685
0.011447201465999738
0.011430800204387038
0.011422526478825027
0.011443717449529567
0.011404344909327875
0.01144023543565544
0.011434749323788776
0.011435608938141313
0.0114086454843356
0.011410602020672062
0.011400802316923371
0.011446556129424072
0.011447136381628257
0.01140360194619499
0.011412306229906787
0.01139997224086251
0.011441176155147817
0.011404137139988153
0.011427673651310992
0.011362125178198483
0.011431946690623095
0.011378744722780141
0.011418732560616816
0.011412987613211266
0.011380222138012716
0.011398711606651865
0.011413198386445058
0.011390380306453543
0.011451639719485592
0.011415631039991339
0.01136273647064137
0.011394631317209141
0.011425647524761946
0.011389968272317183
0.011415943945623445
0.011368476411556803
0.011333843515545816
0.011419430965987687
0.011416747987935719
0.011378946984980738
0.011445779122158415
0.011371898347549562
0.011393616001014076
0.011410027275606997
0.011339279562511342
0.011453704896657521
0.011442094345434684
0.011372437546534817
0.011399067067449942
0.011400570015782098
0.011330678913144907
0.011357738992209813
0.011393487834867162
0.011350126123342817
0.011356061818021696
0.011389030556718874
0.011411086648915072
0.011388773223127027
0.011343847484091143
0.011399966733723385
0.011359188871746756
0.01130897377590568
0.01141799910981515
0.011361344666389744
0.011366523379763425
0.011383665601912962
0.01146456347306527
0.011357975298543177
0.0113610302588106
0.011381173371134326
0.011340551211000237
0.011444567551550882
0.011319416312984974
0.011352949283117973
0.011354688037134485
0.011388467827230084
0.011358498977409082
0.011365648245291538
0.011408487779897013
0.011343034430096667
0.011405461356623244
0.011327654492467176
0.011403988947880786
0.011402891525247845
0.011398168402474523
0.011286766487708046
0.011310495248251257
0.011321300755863798
0.011301684826949047
0.011316228680729542
0.011405561486425518
0.011357009045951223
0.011369296474637438
0.01142628835549651
0.011360441996222232
0.01133538451320283
0.01134910079416752
0.01132456699001402
0.01132525888694774
0.011311838990197788
0.011368309194787008
0.011352283419932838
0.011371558907519853
0.01134418392022679
0.011369535784864883
0.011352375038701921
0.01132628571807007
0.011325417092035333
0.011362081621734492
0.01138017007051553
0.01136106580489041
0.011329046296718808
0.011359337063854122
0.01131873442903148
0.011343940104158248
0.011334932927794571
0.011395524975694456
0.011304739787216469
0.011328584698330316
0.011405407787179026
0.011301618741279548
0.011335000515411104
0.011321341308433718
0.011316240696305813
0.011302583491924468
0.011332496269056202
0.011353432409413949
0.011350340401119685
0.011361359685860085
0.01132935269391377
0.011329012252586031
0.011342152787187629
0.011335776020729727
0.011315079691248429
0.011372065564319366
0.011361823787493633
0.011390227107856064
0.011344126345590478
0.011271033592525535
0.011330235338120822
0.011347501721225181
0.01131985788541301
0.011321834948358932
0.011326719780762934
0.011318658831030762
0.011321320281175239
0.01133103036875089
0.011349463764700763
0.011313829570667023
0.011296141140446072
0.011358213607472597
0.011304292707649308
0.011285474813258695
0.011310339546408716
0.011325059127992202
0.011377316871799695
0.01135377835788081
0.011338528088345266
0.011298638377714823
0.011357265878894058
0.011315739546645425
0.011297392262325508
0.011316063466555783
0.011332645462461592
0.011234799120327151
0.01130583170271028
0.011328708859285134
0.01129854375505167
0.011364426661703782
0.011312571439701432
0.011361948949746478
0.0113294773555176
0.011288719519501425
0.011289848983671094
0.011349056236405504
0.011316067471747878
0.011302864356019853
0.01134750722836431
0.011306209692713872
0.011323090576079468
0.011310065691399494
0.011323585217302706
0.011320692967963982
0.011315484215649622
0.011291711397993414
0.01133265197089874
0.01130178996324144
0.011310752581843102
0.011364712031640268
0.011318830553641666
0.01131332992295367
0.011290362649556764
0.011255119462400907
0.011274786457514818
0.011382354402152167
0.011256915791053724
0.011334815275276897
0.011317167397625868
0.011254984787816846
0.011250044383372581
0.011301098566956725
0.01127248697660556
0.011315446666973771
0.011266698973385041
0.011261605870992304
0.011314235096366239
0.011317052248353254
0.011295777168614804
0.011325812104105312
0.01133387655838057
0.011329601015823407
0.011389817576964755
0.011255812861281666
0.011272404870167696
0.011327631963261664
0.011294511027265032
0.011290298566483307
0.011336248633396466
0.0112940784665192
0.011325407079055109
0.01127949105627472
0.011290226473025671
0.01128300360973854
0.011249813083529323
0.011360944647829656
0.0112856775761083
0.011254100641662754
0.011278641955551427
0.011292916460163794
0.011265518943665223
0.01129457911553058
0.011290060758202908
0.011331902999977722
0.011322653509492535
0.011309173034212208
0.011279329847293061
0.011269464057874873
0.01134733750834945
0.011269165170415082
0.011302631554229559
0.011285103331692255
0.011287016812213732
0.011237855582541607
0.011243433313177354
0.011267140045164057
0.0112858623155935
0.01128195525070872
0.011308691409863264
0.011232180225348644
0.011310038155703868
0.011297101385249897
0.011268729105126172
0.011337087220490524
0.01134369028030157
0.011264109616698196
0.011295457754545544
0.011279919111179447
0.011275223023452734
0.01128234475563957
0.011329472349027486
0.011341502444121854
0.011292671642797234
0.011317503333112502
0.011380999645927382
0.011253632534837119
0.011336491948816
0.011354455735993203
0.011284401922427313
0.011304797361852775
0.011266280931460537
0.01135142130233525
0.011268325582023
0.011296244774791433
0.011305574369118433
0.011357473648233784
0.011313814551196684
0.011251573866102342
0.011267742826573755
0.011276442103795435
0.011255283675276636
0.01131452647409086
0.011255359273277355
0.0112918956368296
0.011299183083839197
0.011266785585664008
0.011332974889511077
0.01127660982121425
0.011260633109963197
0.011261950818161141
0.011291738433040028
0.01128134546021286
0.011310022134935503
0.011226507872049742
0.01130629380174778
0.011294612659014346
0.011271884195195862
0.01133046613731507
0.011305174350558344
0.011357036080997836
0.011214199916754061
0.011288495729393343
0.011327666508043451
0.011301260777236413
0.011263854786351404
0.011275082841729548
0.01125213909883618
0.01126538276713413
0.011307436282791742
0.011314947019260417
0.011329480359411668
0.01125728026353401
0.01126516999130429
0.011268044717927615
0.011278027659214469
0.011262168600481091
0.011302889889119429
0.01131269009351713
0.011330239843961927
0.011280073811723964
0.011271546757762197
0.011316279746928701
0.011348026902038115
0.011241760644830342
0.011235598156149308
0.011279597193865133
0.011229637429019862
0.011235335816067346
0.01134219133716151
0.011264075071916412
0.011271662908332836
0.01130832944062804
0.011268128326312514
0.011265718702620761
0.011285044755757926
0.011297295637066308
0.011201976571141298
0.011339481824711938
0.011270437820201996
0.01133969259794573
0.011278089739691879
0.011284194653736604
0.011265597044910997
0.0112133568238189
0.011283024636997017
0.011300310044763808
0.0112945315538745
0.011272374330577999
0.011231142880597069
0.011234175311658979
0.011275141918312892
0.011276222318879441
0.011300591910157214
0.011214503810703963
0.011290503331928966
0.011303210304486713
0.011304855937787106
0.011288880227834077
0.011288298473682859
0.011292354731973034
0.011253559940730467
0.011277013844966427
0.011308683900128097
0.01126854787018405
0.011303454621204266
0.011285261036130837
0.011294366339700745
0.011230877035972028
0.011293312974180807
0.011317527864914063
0.011324181990924269
0.011268120816577343
0.011314128458126816
0.011216109892732461
0.01125979001702804
0.011267695264917676
0.011282244625837294
0.011268258495055477
0.011246995931542306
0.011238287642638426
0.011238286641340403
0.011258931403973528
0.011286840583761733
0.011268060738695984
0.01125091901719546
0.011222101660100618
0.011317207950195791
0.011285096322606096
0.01128830147757693
0.01128467727938357
0.011258863816356995
0.011269792483626334
0.011260146979773152
0.011193652280029139
0.01129737273701406
0.01130820227577915
0.01131270411168945
0.011246218423627642
0.01125984859296237
0.011294548075291877
0.011205805534780308
0.011282592076251185
0.011272487977903584
0.0112968595717774
0.011308545220351943
0.011260363760795075
0.011216866874037662
0.011254518182938244
0.011287443865820439
0.01123795821558894
0.011285286068581405
0.011276891686607653
0.01123675165147152
0.011223886473826173
0.011253695616612555
0.011292235076859315
0.01122824161957614
0.011278419667390375
0.011227970267811976
0.011252099046915268
0.01124500785431813
0.011254397025877492
0.011238421816573476
0.011292671642797234
0.011275216515015585
0.011361533911716046
0.011241287531514594
0.011282202070671331
0.011338513569523935
0.01131376648889159
0.011222853634915706
0.011316352841684361
0.011250725266028057
0.011258900363734822
0.01124573429603364
0.011230575144618164
0.011282606595072516
0.011311045962163768
0.011285826268864681
0.011262556102815893
0.011210106109788032
0.011257921594917585
0.011214128323945435
0.011254642844542074
0.011222506685150823
0.011281659867792006
0.011317902350374569
0.011238604553462624
0.011273878280208177
0.011227733460829593
0.011251228418284487
0.011261709505337659
0.01125129550525201
0.011246143826924945
0.011295371142266575
0.01129038668070931
0.011264254304262483
0.011268491797494775
0.011191479963968777
0.011243920945314432
0.011220682820802378
0.011231320110347097
0.011260400308172911
0.011249459124678283
0.011253922410614703
0.011279338858975266
0.011228943028841077
0.011260264131641811
0.011263173903695935
0.011259757975491311
0.011287716719531642
0.011235435945869622
0.011243959995937322
0.011231076294278556
0.011217555266428307
0.011300062724152191
0.01127910405458893
0.011276052098215575
0.011252642751741631
0.011274404962968146
0.011234035630584801
0.01120028587942988
0.011237326396536582
0.01126344926065219
0.011209172900030826
0.011259043549352078
0.011292323191085318
0.01127177755695644
0.01129896179697617
0.011224035166582552
0.011230934610608336
0.011249413064969235
0.011327279005708648
0.011284625211886393
0.011298280413671686
0.01127072969857563
0.011279661276938588
0.011228697710825505
0.011268700568132521
0.011172277070488417
0.011242490591088932
0.011264265819189748
0.011223162535355725
0.011260634611910231
0.011208950111220764
0.011267952598509523
0.011278380616767487
0.011247415475413844
0.011284343346492982
0.0112257578998307
0.011248580986312331
0.011316675259647685
0.011233082895516151
0.011203012914594851
0.011246597915578265
0.011210281336942017
0.01127616374294511
0.011288463687856612
0.01118210831512482
0.011265589034526817
0.011205853096436387
0.011202594872670349
0.011263799714960157
0.011219474754737923
0.011263495320361238
0.011254610803005348
0.0112161424349182
0.011251348574047217
0.01124027271596853
0.011272790870555471
0.011297740213388408
0.011275351690248658
0.01119929559568538
0.011274404462319134
0.011252316328586209
0.011243375738541046
0.011253165429309502
0.011227822075704608
0.01123352997508331
0.011209496319292179
0.011220275292507118
0.011260868915647556
0.011227138689804078
0.011213226154426931
0.011238692167039618
0.011171113061536963
0.011252000919709038
0.011320778078295917
0.011271462148079274
0.011197656470822132
0.011259810042988495
0.011238163481683602
0.011269110099023826
0.011271836633539789
0.011262985159018643
0.011233313694710399
0.011265912954437175
0.011265123931595244
0.011284398417884237
0.011240488996341448
0.01123635213356044
0.01124593806018127
0.011223210597660816
0.011274648278387674
0.011241012174558333
0.011273376129249769
0.011237081579170015
0.011237961720132016
0.011239145755043922
0.011255064391009657
0.0111986232240631
0.011214426210107204
0.011196715751329755
0.011208120035159901
0.01120988231967995
0.011261606371641315
0.011217995837558318
0.011320069159295813
0.011213133033710814
0.011203296782584297
0.011234184323341181
0.011226807260158544
0.011202499248709174
0.011233480911480196
0.011271855157553202
0.011217559772269408
0.01128723209128863
0.011192602919701292
0.011208671249721427
0.011244323467119581
0.01123127054609497
0.011266301458070007
0.011226712136846385
0.011221628046135853
0.01126125291343928
0.011205869117204755
0.011279967173484541
0.011237363945212431
0.011256620408137014
0.011186358324582391
0.011278288997998404
0.011221860347277133
0.011229669971205596
0.011255285677872687
0.011231274050638049
0.011253156918276311
0.01119972615383516
0.011244655898063137
0.011257065985757136
0.011193470544438007
0.011208192629266553
0.01130246083291668
0.011246717570691983
0.01127725415649189
0.011258530884764428
0.011190215825215049
0.01121011962731134
0.011193224725773427
0.011268040712735527
0.011205160698853654
0.01127879265090385
0.011248094856122279
0.011308870141560326
0.011212726506713577
0.011196075421244202
0.011197721054544597
0.011208114528020778
0.011248830810169006
0.011205539690155267
0.011235625691844933
0.011256414140744323
0.01119439023667191
0.011212809113800456
0.011260112434991365
0.011249292408557493
0.011225826989394273
0.011259748963809105
0.011277689721131787
0.011176714322676246
0.011212846161827298
0.011204661551789312
0.011286774498092228
0.011199582968217906
0.011225111061308002
0.011251581876486522
0.011245661201277981
0.011278157327308415
0.011210012488422903
0.011259667858669267
0.011152420830048202
0.011196991108286009
0.011264501624874104
0.011249638357024356
0.011229609893324232
0.011287344236667173
0.011247207205425115
0.0111658427293942
0.011181054448955872
0.011203136074251647
0.011241094280996202
0.01126085639942227
0.011213059438306146
0.0112513565844314
0.011237128640177086
0.011229314009758509
0.011196051890740669
0.011240590628090756
0.011334736673382112
0.01118308658329305
0.011236162387585128
0.011249980300299126
0.01121934909183607
0.011242338894438481
0.011195855636328206
0.01117942533707285
0.011232285862290041
0.011226584471348482
0.01123597364290784
0.011210981244259918
0.011201232106061382
0.0111420218494329
0.011220032477736602
0.011232764482744916
0.011286463094407154
0.011193511597656943
0.011197235925652577
0.011197760105167485
0.011233765280118657
0.011236637503496925
0.0111847742711104
0.011258725136580841
0.011236134351240497
0.011251588885572681
0.011169720756636326
0.01124719268660378
0.011195044084280766
0.011230495541425358
0.01119862823055321
0.01121208267208495
0.011202933311402038
0.011245199602889491
0.011226258548842077
0.011205697394593848
0.011175394111233245
0.011199205979512341
0.01126219363293166
0.011178283857326912
0.011205379983120638
0.011248259569647022
0.011238778278669575
0.011205834071773956
0.011213170081737658
0.01120773403477213
0.011241097284890268
0.011206622593966873
0.011261559310634243
0.011203814954311074
0.011290515347505234
0.011242884601860882
0.011243919443367398
0.011207102716368787
0.011194060809622423
0.011179273640422403
0.011254570751084438
0.011240455953506695
0.011236110320087946
0.01117583868755535
0.011234375070614519
0.011230299787661912
0.0111972239100763
0.011241893316818359
0.01124822502486524
0.011230083006639982
0.01124085396947074
0.011142815878764943
0.011146254336175075
0.011215353412076273
0.011160348607143353
0.011184958009297575
0.011208575125111241
0.011296819519856489
0.011250838412704623
0.011211967522812333
0.01125459277964094
0.011219936853775423
0.011187073251370638
0.011246565373392527
0.011217641878707272
0.01120289075623607
0.01121049361212284
0.011230345346721944
0.011172197967944615
0.011184856377548262
0.011220783451253663
0.011203618699898615
0.011194964481087956
0.011219185880258362
0.011244868673892969
0.011175960845914126
0.011186256192184076
0.011223727267440553
0.011228351261709632
0.011211440840052368
0.0111998377985647
0.011193048997970429
0.011294105000916805
0.011276109172202871
0.011210350426505587
0.011209258511011773
0.011249238338464267
0.011213998655851489
0.01119816162567461
0.011189735702813139
0.011150119346542907
0.011227136186559022
0.011213438930256767
0.011220487567687936
0.011247459532526842
0.01113139056767632
0.011209660031518897
0.011230483525849084
0.011199807258975004
0.011186852965805632
0.01123444265823105
0.011177986471814153
0.011209977442992108
0.01124951419606953
0.011300544849150142
0.011212386566034852
0.011213825431293546
0.011156309871568577
0.011262502032722669
0.011191921536396813
0.011225367894250835
0.011189024280567972
0.011197726061034715
0.011210921166378557
0.011218234647136744
0.011171145103073694
0.011229953338546038
0.011227003514571007
0.011232628306213821
0.011162648088052608
0.01124492424593323
0.011170035164215471
0.011215706369629291
0.011213071954531426
0.011178285359273945
0.011257638728226155
0.011203687288813172
0.01125663242371329
0.01120524931372867
0.011196389328174336
0.011220094558214004
0.01113071419086195
0.011232732941857199
0.011179599562928808
0.011201844900451308
0.011160915842473246
0.011159864980198364
0.011207010596950694
0.011199818773902264
0.011159950090530297
0.011171954151876076
0.011208765872384575
0.01127902895723722
0.011208681763350667
0.011213136037604883
0.011146263848506293
0.011247195690497848
0.011148487230765822
0.011130741726557578
0.011203318811140802
0.011173037556336694
0.011152158489966245
0.011176788919378941
0.011168309927722267
0.011185140245537715
0.011289232184089075
0.011226897877629604
0.011200399026106454
0.011206087400173712
0.011225933627633695
0.011215287827055784
0.011241637985822554
0.011208982152757493
0.011226157918390791
0.011231581449131037
0.011199038762742542
0.0112220656133718
0.01119455795409072
0.011185634886760951
0.011227941230169316
0.011202580353849018
0.011156436035119446
0.011137476957707622
0.011260167005733606
0.011209716604857185
0.011162857359339362
0.011167106868147928
0.011223176052879036
0.011193543639193676
0.011148171321239641
0.01124374171296836
0.01120631619677191
0.011234331013501513
0.011237641304764737
0.011207781095779202
0.011142515990007127
0.011206917976883586
0.01121790471943825
0.011196945048576963
0.011203575143434626
0.011196343268465291
0.011223447905292212
0.01114534165302734
0.011201882449127159
0.011179518457788966
0.011174145492598873
0.011245456435832328
0.011120166517490263
0.01122109435428973
0.01119874738501792
0.011175140782833489
0.011189313155047542
0.011213998655851489
0.011154366852755431
0.01123115139163026
0.011169543026237287
0.011217629362481989
0.01119246774446822
0.01118710629420539
0.011215330882870762
0.011163425595967275
0.011125316693870296
0.011252511081051632
0.0111979808913815
0.011229153802074872
0.011191524521730788
0.011230221686416138
0.01117175038772845
0.01118285778669485
0.011211843862506518
0.01107862416447327
0.011192461236031077
0.011219645476050802
0.011144179646671934
0.011215214732300118
0.011179746253089142
0.011214273512158732
0.01116238274407658
0.011253888867130945
0.011218608131299233
0.011215986733075665
0.01115500768348999
0.01117958103891539
0.011171838001305435
0.011170801157202873
0.011241350112641017
0.011129238277576413
0.011257352857640662
0.011178180723630568
0.011200329936542883
0.011188422500456301
0.011204775199114895
0.011158949793805566
0.011185610354959399
0.011204631512848631
0.011151349441163857
0.01118126772543472
0.011227509670721506
0.011132629173330468
0.011220337873633536
0.011242220240622788
0.011157620070031349
0.011221674606493913
0.011163137722785736
0.01121095070467023
0.011185123724120342
0.011179738242704962
0.011153886229704504
0.011121208868731953
0.01120352958437459
0.01122729739554068
0.011180940801630289
0.011214862275396113
0.01119313911479248
0.011193979704482581
0.01117318424649703
0.011178642322019055
0.01119994043161203
0.011231869322312576
0.011124412021106738
0.011177195947025188
0.011233343733651082
0.011228327731206099
0.011193871063647113
0.011159777867270383
0.011172707628638196
0.011240683748806874
0.011199807258975004
0.011192471749660312
0.011201898970544535
0.011145199468708107
0.011119937220243056
0.011178449071500665
0.011075223756387993
0.011162970506015934
0.0112040888093203
0.011188653800299556
0.011177293072933399
0.011146662865768367
0.011203806943926892
0.011215033998007013
0.011182633996586762
0.011170732568288318
0.011181279240361976
0.011194791256530024
0.011190348497203063
0.01114754651127344
0.01115225711782149
0.011179250109918866
0.011193385434106074
0.01112023260315977
0.011170694518963452
0.011161425002517811
0.01116040568113065
0.011167525911370454
0.011184391775265704
0.011222218811969279
0.011221853838839986
0.011163670413333835
0.011158702973842955
0.011234986863706416
0.011121387099780002
0.011148603881985472
0.011126816638308383
0.011179569523988124
0.011180771081615432
0.011103452850894466
0.011223300714482866
0.011106472765731089
0.011157650108972038
0.011144429470528612
0.011140690623711648
0.011192149832346
0.011185001565761563
0.011138536331015697
0.01115479791155422
0.01118141591754208
0.011123151887545103
0.011222027063397921
0.011135875882169239
0.011200375495602915
0.011200175736647376
0.011233989570875756
0.011248966486051091
0.011164897003411714
0.011215830029935106
0.011137346788964667
0.011146362476361533
0.01118763297696536
0.011183152168313537
0.011198887566741108
0.011101960916840561
0.01119266199628464
0.011158454151284304
0.011177658546711704
0.011130283632712163
0.011194922927220012
0.011230826971070891
0.011150537388467406
0.01118049822790423
0.011153428636508107
0.01113377616021553
0.0112091628870506
0.011127538073533772
0.01117271163383029
0.011198778925905635
0.011182049238541472
0.01124445463716056
0.011171860029861936
0.011160956395043168
0.011170839707176753
0.011124604770976118
0.011191016362984243
0.011271082656128651
0.011149046455711527
0.011220470545621551
0.011185705978920572
0.011249510691526453
0.011203621203143669
0.011114588286205505
0.011130635588967163
0.011206549499211214
0.011153593850681858
0.011163173268865545
0.011199163924995384
0.011177052260758926
0.011158018586644407
0.011174525485198504
0.011118213485696882
0.011188608741888532
0.011166586693825108
0.011200304403443304
0.011203884043874644
0.011132669725900384
0.011174649646153329
0.011206342731169513
0.011162472360249615
0.011175426152769974
0.01119456195928281
0.01114459718794742
0.01116881658452178
0.011158807108837324
0.011177112338640287
0.011161710372454302
0.011174616102669567
0.011183705886120124
0.011177443768285823
0.011119260843428685
0.011174088919260586
0.011157770264734761
0.01115269668765347
0.01120992988133603
0.011148969355763773
0.011194787751986941
0.011173876644079761
0.011189804792376714
0.01117321678868277
0.011120502452976902
0.011205550203784507
0.011205646328394688
0.011164147531841685
0.011146582261277528
0.011203439968201556
0.011193653781976174
0.011195603309226476
0.011213692759305536
0.01113612870991999
0.011183234274751404
0.011172037259611965
0.011201843899153281
0.01115402591077868
0.0111633870459934
0.011165222925918115
0.01116531754858127
0.011207189328647754
0.011143172340861042
0.011199971471850739
0.011146686396271898
0.011177180927554849
0.011203947125650081
0.011139375418758762
0.011114987804116589
0.011174087917962565
0.0111858701917963
0.011184479889491708
0.011156534662974687
0.011182578925195516
0.011207428638875189
0.011163918735243479
0.011197237928248619
0.011126313486051947
0.011184064350812265
0.011158724501750449
0.01119351760544508
0.011182975939861532
0.011194061310271433
0.011141634347098098
0.011157714192045495
0.01118637034015867
0.011151460084595376
0.01119211378561718
0.011133279516396243
0.011123442263971703
0.011156977236700744
0.011205464592803563
0.011103691660472894
0.011177181928852871
0.011161945677489649
0.011166480556234695
0.011212494205572299
0.011179845381593397
0.011137329266249267
0.011140592496505418
0.011163395056377581
0.011220812488896321
0.011194980001207309
0.01112913614517809
0.011141205791544357
0.011216861867547554
0.011174600582550214
0.01115274875515066
0.011125539482680361
0.011163264887634625
0.011153814636895876
0.011181970135997676
0.011213372844587267
0.011198272769755135
0.011105588619576997
0.011140576976386068
0.011186715287327504
0.011169666185894085
0.011260191537535161
0.011167967483798485
0.011117500060855672
0.011171111058940917
0.011254176740312484
0.011207689477010117
0.011090180144953865
0.011142450905635648
0.011190097672048366
0.011145703121613558
0.011171208184849126
0.011172196465997581
0.011129649811063761
0.011159268707225816
0.011164429397235083
0.011173194259477255
0.011162754726292029
0.011149513561239142
0.01114105008970182
0.011133202416448489
0.011201449387732315
0.01118601487936059
0.011162359213573047
0.011151559213099628
0.011191678220977285
0.011173277867862156
0.011180517252566661
0.011179204050209822
0.011150963440776087
0.011159533049903823
0.0112080494436493
0.011167914415003276
0.011149712318896655
0.011146852611743672
0.011164864461225969
0.011182993963225946
0.011110042393182204
0.011165057211095352
0.011169789846199893
0.011167916417599325
0.011192609428138439
0.011143433679644982
0.011166783949535587
0.011158090680102045
0.011203838484814608
0.01111499331125571
0.011126387582105633
0.011136166759244852
0.011121649439861964
0.011240725803323826
0.011135847345175594
0.011182401695445486
0.011144897076705235
0.011156930676342689
0.011124613282009315
0.011178916677677292
0.011193813989659813
0.011130909443976385
0.011157864887397917
0.011144378904978465
0.011158038612604861
0.011169714248199179
0.011144391921852759
0.011127870504477333
0.01115133842688561
0.011201365779347418
0.011178798524510605
0.011074231470047447
0.011190881187751172
0.011177896354992105
0.011184095391050967
0.011169732772212596
0.011121319011514455
0.011182066761256874
0.011132910037425846
0.01115481493362061
0.011161466556385757
0.0111504227398438
0.011158175790433978
0.01117567948116973
0.011106500802075727
0.011154618679208146
0.011190418588064658
0.01116270366009287
0.011175101732210597
0.011161208221495888
0.011099855687747729
0.011160099784584697
0.01116863835347373
0.011226625023918408
0.011206484915488747
0.011087189267759898
0.011165069727320634
0.011172446289854261
0.011116158321505186
0.011116043672881581
0.011182239485165798
0.011138684523123067
0.011202593871372329
0.011138689529613175
0.011140471840093678
0.011125351739301091
0.01108136471716154
0.011179913970507951
0.011165279999905416
0.011121248420003848
0.01113774130038563
0.011144428969879602
0.011144408443270132
0.011174313210017682
0.01118838244853539
0.011179383783204905
0.011182601955050038
0.011135052314545528
0.011173438075545798
0.011145290586828182
0.01107630615955059
0.011101849772760037
0.011231125357881669
0.011159096483965904
0.01118752083158681
0.011217481671023632
0.011114669891994361
0.011126731027327438
0.011281355973842102
0.011171159121246013
0.01113106314322288
0.011099752554051379
0.011146529693131338
0.011113847826317679
0.011167460326349962
0.011086546935078304
0.01118118662029487
0.011122211168052726
0.011053612741162911
0.01121450831654507
0.011134985728227012
0.01116974478778887
0.011182757656892573
0.011103569001465108
0.01119691851417936
0.011138071728733141
0.011121917287083047
0.0111809633308358
0.011176882540744068
0.011106746120091306
0.0111277107974427
0.011126995370005444
0.011192332068586138
0.011105918046626488
0.011171063997933849
0.011121824166366931
0.011169214099836813
0.011188162663619395
0.011170395130854646
0.01114837808928134
0.01113791903078467
0.01116191463725094
0.011132664719410275
0.011173039558932743
0.011108483372160782
0.011113501877850818
0.011163829619719456
0.011163116194878246
0.011153901249174843
0.011174389308667411
0.011101212446568554
0.011172965963528066
0.011134000951621634
0.01121633818868165
0.011137297224712541
0.011144501563986248
0.011174757285690777
0.011148364071109019
0.011196897486920881
0.011162139428657052
0.011100349828321955
0.011197759103869461
0.01116119720721764
0.011131003065341512
0.011113497372009718
0.011115562048532632
0.011161531640757234
0.011044159987179107
0.011127379367797171
0.011143309018041152
0.011165396651125066
0.011160700062749341
0.011150354150929244
0.011158878200996942
0.011199967466658644
0.011129971227729069
0.011080707865658616
0.011146587267767648
0.01118409839494504
0.011124083094706264
0.011138652982235347
0.011130929469936839
0.011136572785593076
0.011147308202344027
0.011165774641128655
0.01113310529054028
0.011168603308042934
0.011104368537936274
0.011156867594567256
0.011152349737888591
0.011137936052851058
0.011170847717560932
0.01113424226444512
0.011169364294540227
0.01111380727374776
0.011132843451107335
0.011206902957413249
0.011122945620152416
0.011114300413023965
0.011159630175812027
0.01116408394941724
0.01116074061531926
0.011158770060810487
0.011096965441005049
0.011199662571410715
0.011161580704360352
0.01111934745570765
0.01117192261098836
0.011131916249138266
0.011192087751868586
0.011188833533294638
0.011130094888034877
0.011097555205540453
0.01110232238542678
0.011188797486565821
0.011162651592595687
0.011097852591053206
0.01117640642353425
0.011137965090493718
0.011098552498371115
0.011167766222895913
0.011155741634940668
0.011150753668840324
0.011133171376209786
0.011155275030062061
0.01111725524348911
0.011166011948760044
0.011139980703413517
0.011136793571807094
0.011164918531319202
0.011127084485529468
0.011122783409872732
0.011117887062541467
0.011172370191204534
0.011149460993092946
0.011110795869944328
0.011108548957181273
0.011150767186363625
0.011190425597150819
0.01111504738134894
0.011085438998816123
0.011150679072137624
0.011082714967545225
0.01114261461786237
0.011135754224459475
0.011143825687820888
0.011154127542527986
0.011135913430845096
0.01118154258174196
0.011195791553254751
0.011137387842183601
0.011112876066586596
0.0111761931470554
0.011103893922673488
0.011077618861258421
0.011164847439159586
0.011151002992047989
0.011158261401414925
0.011135593015477816
0.011137921033380715
0.011077778067644041
0.011104383557406615
0.011163859158011127
0.011066045858711437
0.011156957711389302
0.011107561677330834
0.01118631276552236
0.011173115657582467
0.011153147271763713
0.011174634126033978
0.011163798579480754
0.01114026757529704
0.011168829100747067
0.011178641320721036
0.011192932346750784
0.011167672100881768
0.011132581611674384
0.011121917787732059
0.011044653627104325
0.011123660546940665
0.01119257538400567
0.011146256839420133
0.011134444025996703
0.011147154503097535
0.011083838924575764
0.011115993607980441
0.0111745560247882
0.011136833123078997
0.011156025002281108
0.011091171429996391
0.011066983073660738
0.011163756524963795
0.01109790766244446
0.011143925817623164
0.011123988972692126
0.011180990365882415
0.011136687934865695
0.011157584023302532
0.011123424741256304
0.01115448700851816
0.011126968334958827
0.011099625889851503
0.01118857870294785
0.011162754225643019
0.011128251498374984
0.011072293958373417
0.011087293903403274
0.011103630080644493
0.011179292665084835
0.011124426039279057
0.011118378199221625
0.011160066241100941
0.011151706403908971
0.01112151326333087
0.011140106366315372
0.011109919734174419
0.01112052348023538
0.011114781536723899
0.011129318882067241
0.011152669151957848
0.011211638095762845
0.01111672705878211
0.011181362348097868
0.011145872340979397
0.011174993592024144
0.011154456468928462
0.011134782965377404
0.011122463495154465
0.011137012355425068
0.011091400727243598
0.011141891180040933
0.011159430917505498
0.011109499689653876
0.011097726928151355
0.011098897445539949
0.011110579589571417
0.011101789194229661
0.011106258988603233
0.01104592277234817
0.011155190921028152
0.011179423835125818
0.0111327187895035
0.011122836478667936
0.01107414235452342
0.011147108944037499
0.011134774954993227
0.011159278720206042
0.011150969448564224
0.01119903075235836
0.011171932123319576
0.011194654579349914
0.011111113782066556
0.011113393237015353
0.011134592718753084
0.011112752906929802
0.011160547865449882
0.011100825945531778
0.01109989023252951
0.011143789140443058
0.011083512000771336
0.011177952427681378
0.011122078996713726
0.011084074730260126
0.011090050977508925
0.011152667149361799
0.011094895257343007
0.011147429359404779
0.011140815285315487
0.01116304710531467
0.011154632697380465
0.011127286747730065
0.011177281558006135
0.01112413566285246
0.011146987786976743
0.011087454611735926
0.011094719028891004
0.011112330359164197
0.011086507884455412
0.011167255560904308
0.01116769613203432
0.011099196833648753
0.011129978236815228
0.011129685357143565
0.011162854355445296
0.011155366148182133
0.011092230302655446
0.011121110741525723
0.011076955501318349
0.011173983782968197
0.011114730971173747
0.01109899907728926
0.011168128692780143
0.011067489730460251
0.011028311442074971
0.011119940224137126
0.01109478711715655
0.011073401894635597
0.01113427881182295
0.011101410202928052
0.011139676308814603
0.011128991958262812
0.011105495999509893
0.011079173376438748
0.011192973399969717
0.011102910147366135
0.011096986468263528
0.011147823370176732
0.011105776362956267
0.011081956484292988
0.011067656947230047
0.011167520904880334
0.011158050628181135
0.01111010847885171
0.01111694584240008
0.011129626280560228
0.011120648642488221
0.011122369373140322
0.011071070372189613
0.011068515560284561
0.011113267574113494
0.011115815877581406
0.011086657077860804
0.011121083706479106
0.011083493977406924
0.011173574252076893
0.01111668400296713
0.011072580329607926
0.011121516767873948
0.011095380386235029
0.011103937979786494
0.011099686969030893
0.01112381574813419
0.011057773134447453
0.011091851812002847
0.011034960561595064
0.011092850606780542
0.011140889381369168
0.011126349032131755
0.011183503123270511
0.011107796982366181
0.011150190939351533
0.011088285689094816
0.011092587265400558
0.011084377122262993
0.011084832212214337
0.01111376772247586
0.011153005588093498
0.011133169373613737
0.011081021772588746
0.011170414656166094
0.01113161986492353
0.011169079925901762
0.011081329671730743
0.011083268685351807
0.011068391899978748
0.011102841
0.011130536
0.011090292
0.01109077
0.011107886
0.01114161
0.011107402
0.01107243
0.011130283
0.011162896
0.011102283
0.011083164
0.011139223
0.011142773
0.011124536
0.011167217
0.011170607
0.011137427
0.011117593
0.011185759
0.0112014385
0.011166629
0.011154161
0.011160853
0.01120097
0.01119698
0.011238339
0.011230295
0.011271486
0.011280687
0.011197827
0.011263734
0.011296758
0.0113394605
0.011364801
0.011386003
0.011428459
0.011441862
0.011455422
0.011553239
0.011512133
0.01162418
0.011563111
0.011700075
0.011723679
0.011721698
0.011764588
0.011769607
0.011779976
0.011822011
0.01180114
0.011799317
0.01174445
0.01179996
0.011725442
0.011726315
0.011706382
0.011730093
0.011737523
0.011703778
0.011736521
0.011651947
0.011692732
0.011679542
0.011654713
0.0116587505
0.011706704
0.0115946345
0.011606812
0.011689962
0.011658961
0.011680245
0.01167046
0.011682234
0.011615556
0.011575689
0.011613048
0.011551478
0.011640872
0.011614286
0.011551991
0.011588733
0.011511848
0.0115940645
0.011596295
0.011537202
0.011556816
0.01149014
0.011567235
0.011577544
0.011565535
0.01155546
0.011574044
0.011572496
0.011556817
0.01156731
0.011546346
0.011513562
0.011519738
0.011502177
0.011538113
0.011533219
0.011516004
0.0115371775
0.011555201
0.011562627
0.011495203
0.011506153
0.0114425635
0.011554451
0.011528729
0.011569977
0.011460518
0.011484957
0.0114689665
0.011550179
0.011525539
0.011394773
0.011545313
0.011479919
0.011467503
0.011467312
0.011441503
0.01149273
0.011468996
0.0115247965
0.011528199
0.011461826
0.011512268
0.011488293
0.011472272
0.0114356205
0.0114389835
0.011454246
0.011433216
0.01147522
0.011427273
0.011407557
0.011498436
0.011439988
0.0114903655
0.011449166
0.011449593
0.011453184
0.011487995
0.011394251
0.011425011
0.011516787
0.011391894
0.011419033
0.0114057
0.011469764
0.011417045
0.011388493
0.011444101
0.011460724
0.011436823
0.011448852
0.011418117
0.011398784
0.011432444
0.011413319
0.011397464
0.011401608
0.011397148
0.01140806
0.011379003
0.011413359
0.011402235
0.011380699
0.011406005
0.011394894
0.011424747
0.011354709
0.011423408
0.011396891
0.011348528
0.011388406
0.011360843
0.011333086
0.011445796
0.011416205
0.011368709
0.011398695
0.011446957
0.011426669
0.011352414
0.011358569
0.011394991
0.011379214
0.011443349
0.01135826
0.011362904
0.011401121
0.011339756
0.0113312695
0.011360729
0.011333483
0.011349762
0.0113760475
0.011344825
0.011322807
0.011364502
0.011397875
0.011356147
0.01135035
0.0113419695
0.011348276
0.011351845
0.011296542
0.011338973
0.01135818
0.011344258
0.011375588
0.011362875
0.011322046
0.0112864105
0.011291883
0.011312601
0.011389782
0.011310072
0.011339845
0.011379301
0.011379766
0.011343383
0.011287727
0.011279553
0.011414565
0.011338674
0.011336842
0.011325413
0.011282195
0.0113158515
0.011318377
0.011313149
0.011312681
0.011302547
0.011345099
0.011379979
0.01133165
0.011293695
0.01133091
0.011342139
0.011317151
0.01127997
0.011280228
0.011294118
0.011291556
0.011289324
0.011305724
0.011296198
0.011317493
0.011337385
0.011261145
0.01129254
0.0113323955
0.011282498
0.011263712
0.011303726
0.011332264
0.011312206
0.011249001
0.01125942
0.011332113
0.0113262255
0.011270953
0.011312393
0.011337524
0.011305807
0.011318909
0.011262632
0.011322837
0.011356967
0.011302584
0.0112667605
0.011293982
0.011332126
0.011278382
0.011273309
0.011306032
0.011250113
0.011340997
0.011298018
0.011319971
0.011271809
0.011312426
0.011244491
