9.780106e-7
6.7717684e-7
6.5153125e-7
6.348574e-7
6.148124e-7
6.0399634e-7
5.956403e-7
5.8789624e-7
5.830638e-7
5.737064e-7
5.6872426e-7
5.6641255e-7
5.6775724e-7
5.6531076e-7
5.6253793e-7
5.6039624e-7
5.6089584e-7
5.6382316e-7
5.585705e-7
5.577371e-7
5.591868e-7
5.530063e-7
5.5396663e-7
5.5560736e-7
5.6321306e-7
5.5581586e-7
5.5707886e-7
5.6031524e-7
5.600134e-7
5.637022e-7
5.601761e-7
5.6220927e-7
5.598128e-7
5.6725366e-7
5.6310625e-7
5.642782e-7
5.7158854e-7
5.682622e-7
5.733649e-7
5.700291e-7
5.7514717e-7
5.7528973e-7
5.7495276e-7
5.7721684e-7
5.695076e-7
5.7125317e-7
5.721618e-7
5.709669e-7
5.766484e-7
5.686933e-7
5.6889985e-7
5.7116694e-7
5.692987e-7
5.701856e-7
5.711035e-7
5.706911e-7
5.74234e-7
5.6883385e-7
5.654781e-7
5.695889e-7
5.64546e-7
5.664992e-7
5.655032e-7
5.6302264e-7
5.6049873e-7
5.617319e-7
5.659052e-7
5.655611e-7
5.622833e-7
5.6257915e-7
5.605779e-7
5.620214e-7
5.6173803e-7
5.5935124e-7
5.607857e-7
5.6740026e-7
5.57306e-7
5.602022e-7
5.5913205e-7
5.6288275e-7
5.555738e-7
5.566131e-7
5.587327e-7
5.6153834e-7
5.535838e-7
5.577204e-7
5.526605e-7
5.5659285e-7
5.545733e-7
5.55981e-7
5.5705425e-7
5.5653777e-7
5.5429564e-7
5.5344395e-7
5.5780504e-7
5.5511566e-7
5.5206874e-7
5.5228685e-7
5.5665134e-7
5.496193e-7
5.492699e-7
5.5537924e-7
5.546218e-7
5.530093e-7
5.492786e-7
5.5090607e-7
5.48409e-7
5.5342184e-7
5.4650906e-7
5.473098e-7
5.4896753e-7
5.516815e-7
5.517553e-7
5.5027544e-7
5.4961566e-7
5.4937254e-7
5.494428e-7
5.450304e-7
5.442733e-7
5.482715e-7
5.489414e-7
5.430364e-7
5.511178e-7
5.465067e-7
5.469847e-7
5.456028e-7
5.431123e-7
5.4490465e-7
5.421825e-7
5.461486e-7
5.4326534e-7
5.436277e-7
5.4603595e-7
5.4287386e-7
5.4532e-7
5.44906e-7
5.480615e-7
5.407263e-7
5.4521587e-7
5.391809e-7
5.434905e-7
5.4252496e-7
5.4339864e-7
5.4264007e-7
5.451279e-7
5.438135e-7
5.4173574e-7
5.455534e-7
5.4078583e-7
5.4271777e-7
5.3925e-7
5.4187564e-7
5.408322e-7
5.409335e-7
5.4205253e-7
5.3739655e-7
5.346303e-7
5.410998e-7
5.400211e-7
5.387505e-7
5.383538e-7
5.4255065e-7
5.4194214e-7
5.4201394e-7
5.349117e-7
5.405391e-7
5.361603e-7
5.385808e-7
5.3947207e-7
5.339173e-7
5.367578e-7
5.399997e-7
5.380588e-7
5.363743e-7
5.338079e-7
5.393585e-7
5.363877e-7
5.371636e-7
5.36649e-7
5.3300664e-7
5.364279e-7
5.3825124e-7
5.383799e-7
5.340481e-7
5.37693e-7
5.3608335e-7
5.328438e-7
5.3530636e-7
5.383655e-7
5.32896e-7
5.330905e-7
5.3036956e-7
5.3534694e-7
5.3139746e-7
5.33727e-7
5.332332e-7
5.37123e-7
5.344088e-7
5.3418916e-7
5.3362163e-7
5.291841e-7
5.3621466e-7
5.3507335e-7
5.321051e-7
5.321777e-7
5.35354e-7
5.334258e-7
5.317408e-7
5.354563e-7
5.3499133e-7
5.295902e-7
5.326787e-7
5.363012e-7
5.3541e-7
5.31586e-7
5.301325e-7
5.298307e-7
5.33711e-7
5.283752e-7
5.316995e-7
5.308777e-7
5.338422e-7
5.3243406e-7
5.292797e-7
5.310244e-7
5.3040566e-7
5.2741984e-7
5.3151626e-7
5.2909877e-7
5.3254126e-7
5.340876e-7
5.288776e-7
5.307147e-7
5.3281565e-7
5.3139956e-7
5.2969875e-7
5.2895695e-7
5.3029885e-7
5.2956193e-7
5.275202e-7
5.290518e-7
5.2615826e-7
5.292597e-7
5.2711147e-7
5.2543396e-7
5.293177e-7
5.2760697e-7
5.270023e-7
5.304388e-7
5.302619e-7
5.303013e-7
5.2811106e-7
5.2773396e-7
5.3009e-7
5.284515e-7
5.277128e-7
5.2567145e-7
5.294279e-7
5.27178e-7
5.260523e-7
5.2410263e-7
5.2646146e-7
5.2676654e-7
5.265824e-7
5.256906e-7
5.2665854e-7
5.278033e-7
5.2541594e-7
5.287608e-7
5.262948e-7
5.280901e-7
5.252924e-7
5.2477117e-7
5.245092e-7
5.266208e-7
5.268841e-7
5.265091e-7
5.270306e-7
5.226186e-7
5.2682395e-7
5.243778e-7
5.258877e-7
5.213399e-7
5.259568e-7
5.238373e-7
5.263372e-7
5.269204e-7
5.2487684e-7
5.232822e-7
5.2302954e-7
5.2357007e-7
5.262015e-7
5.2793416e-7
5.231426e-7
5.2288766e-7
5.2424133e-7
5.226533e-7
5.242042e-7
5.218919e-7
5.19409e-7
5.252124e-7
5.243129e-7
5.220967e-7
5.2710715e-7
5.2385315e-7
5.236471e-7
5.2516134e-7
5.209397e-7
5.2758037e-7
5.257164e-7
5.2147533e-7
5.224337e-7
5.232119e-7
5.206107e-7
5.190094e-7
5.2231684e-7
5.214777e-7
5.183082e-7
5.2417624e-7
5.2370603e-7
5.243411e-7
5.2000183e-7
5.226485e-7
5.1979913e-7
5.1868057e-7
5.24649e-7
5.211458e-7
5.2065985e-7
5.2240796e-7
5.2742365e-7
5.2189796e-7
5.19123e-7
5.205307e-7
5.191179e-7
5.2744235e-7
5.155208e-7
5.197728e-7
5.2087637e-7
5.2201625e-7
5.198278e-7
5.2044555e-7
5.227879e-7
5.1876145e-7
5.2257025e-7
5.192144e-7
5.221977e-7
5.2327033e-7
5.2206144e-7
5.167764e-7
5.168838e-7
5.172245e-7
5.1494294e-7
5.173858e-7
5.220892e-7
5.1911695e-7
5.205696e-7
5.2268746e-7
5.181795e-7
5.197805e-7
5.1980896e-7
5.17185e-7
5.174824e-7
5.1828215e-7
5.1973717e-7
5.1833405e-7
5.1962365e-7
5.178846e-7
5.190405e-7
5.173443e-7
5.197318e-7
5.168878e-7
5.1856983e-7
5.220987e-7
5.19945e-7
5.182252e-7
5.200929e-7
5.1666836e-7
5.186113e-7
5.1666046e-7
5.213288e-7
5.1599164e-7
5.161795e-7
5.229116e-7
5.1478406e-7
5.1809e-7
5.1717194e-7
5.1664193e-7
5.152948e-7
5.1718126e-7
5.182595e-7
5.1739323e-7
5.188894e-7
5.160396e-7
5.178577e-7
5.1748776e-7
5.172983e-7
5.18056e-7
5.191529e-7
5.191674e-7
5.201195e-7
5.1871916e-7
5.126026e-7
5.1722054e-7
5.183207e-7
5.1664784e-7
5.163906e-7
5.176465e-7
5.1582794e-7
5.164289e-7
5.154098e-7
5.1756837e-7
5.1473546e-7
5.1564257e-7
5.166049e-7
5.132929e-7
5.1531157e-7
5.147642e-7
5.1595913e-7
5.200292e-7
5.1814027e-7
5.1657855e-7
5.148018e-7
5.1941703e-7
5.159099e-7
5.146815e-7
5.1501246e-7
5.151686e-7
5.1036625e-7
5.1415185e-7
5.1763266e-7
5.124673e-7
5.1921137e-7
5.154118e-7
5.176801e-7
5.1988076e-7
5.133101e-7
5.1212476e-7
5.179497e-7
5.1607594e-7
5.1400434e-7
5.1772776e-7
5.14386e-7
5.1550666e-7
5.1448916e-7
5.146639e-7
5.1504264e-7
5.151905e-7
5.1400684e-7
5.1804585e-7
5.136786e-7
5.145904e-7
5.18009e-7
5.1505305e-7
5.1475496e-7
5.131101e-7
5.1156763e-7
5.1596436e-7
5.1828624e-7
5.1175243e-7
5.160792e-7
5.143737e-7
5.1333e-7
5.12147e-7
5.14151e-7
5.1283007e-7
5.1573164e-7
5.121682e-7
5.0998983e-7
5.138182e-7
5.152961e-7
5.1419437e-7
5.1452304e-7
5.1591326e-7
5.169553e-7
5.189895e-7
5.116323e-7
5.110601e-7
5.149874e-7
5.1409097e-7
5.143833e-7
5.161351e-7
5.1337196e-7
5.1506703e-7
5.122094e-7
5.1261e-7
5.1162294e-7
5.138105e-7
5.1683264e-7
5.1537376e-7
5.117543e-7
5.1253727e-7
5.123318e-7
5.111843e-7
5.1314544e-7
5.126832e-7
5.150938e-7
5.141108e-7
5.162048e-7
5.1270837e-7
5.109738e-7
5.1632674e-7
5.0935057e-7
5.1394926e-7
5.1184486e-7
5.150638e-7
5.0884836e-7
5.0940946e-7
5.1214784e-7
5.119545e-7
5.1341607e-7
5.136606e-7
5.081284e-7
5.1405874e-7
5.129082e-7
5.102619e-7
5.1452184e-7
5.166744e-7
5.1147293e-7
5.1243353e-7
5.11723e-7
