0.6956683
0.6645378
0.65587497
0.6511264
0.64976436
0.6523576
0.6495716
0.64953417
0.64751166
0.6486331
0.65040565
0.6465098
0.6485927
0.6445451
0.64775246
0.6486494
0.64959097
0.6483282
0.64982337
0.6503011
0.6442936
0.64514613
0.64720106
0.64771384
0.64618635
0.64902556
0.6482919
0.6480879
0.6487646
0.6464023
0.6447574
0.64539695
0.6458629
0.64645773
0.64780736
0.64748305
0.6469147
0.6475287
0.64427817
0.6491019
0.64370316
0.6462764
0.64771885
0.6468223
0.64398086
0.64694595
0.64478695
0.64631516
0.6468837
0.64875865
0.64438057
0.64487743
0.648633
0.6462969
0.6449993
0.64738995
0.64700234
0.6464404
0.64806926
0.64689744
0.6477306
0.64833903
0.65048593
0.64293915
0.64606446
0.6458133
0.6447159
0.6462359
0.64567393
0.64513445
0.6453826
0.6471024
0.64512396
0.6473703
0.6463842
0.6471133
0.64695865
0.642256
0.6458893
0.64682287
0.64544094
0.64767194
0.64461774
0.64525825
0.6458285
0.647366
