9.6603355e-5
0.0001880112
0.00025325586
0.0002910018
0.00032841394
0.0003432206
0.00036806954
0.00038720208
0.00039902487
0.00041152624
0.00042142562
0.00042462113
0.00044828487
0.00048630513
0.00051799783
0.0005542436
0.0005745196
0.00059990544
0.00062265457
0.0006478483
0.00066378806
0.0007088007
0.0007323677
0.0007489358
0.00078143337
0.0007957571
0.0008152944
0.000832309
0.00085653167
0.0008730253
0.0008940186
0.00090579595
0.0009260698
0.00094209093
0.000944133
0.0009771321
0.0009786849
0.000991261
0.0010075829
0.0010275793
0.0010322736
0.0010452381
0.0010712619
0.0010730043
0.0010981683
0.0011084449
0.001115583
0.0011207005
0.0011295897
0.0011422088
0.0011466906
0.001162259
0.0011694583
0.0011776312
0.0011971019
0.0011927593
0.0012042928
0.001203933
0.0011923662
0.0012207222
0.0012228165
0.0012129438
0.0012140052
0.0012357498
0.0012236942
0.0012549689
0.0012420136
0.0012406382
0.0012544199
0.0012445039
0.0012512681
0.0012428866
0.0012393871
0.0012725524
0.0012592918
0.0012489803
