0.004264885
0.0029434059
0.0027061875
0.0025797775
0.0025570986
0.0024907843
0.0024273046
0.00243466
0.0023817783
0.0023168765
0.0023090695
0.002262997
0.0022733035
0.0022509678
0.0021635864
0.0021789232
0.0021208378
0.002144536
0.0021480152
0.0021164927
0.0020863588
0.0020990258
0.0020447841
0.0020659156
0.0020812363
0.0020633587
0.0020772095
0.0021072507
0.002088427
0.0021165796
0.0020931354
0.0020913887
0.0021122384
0.0021178536
0.00211623
0.002108314
0.002120081
0.0021410172
0.0021692025
0.0021620947
0.00213549
0.0021405607
0.0021770871
0.0021882534
0.0021974905
0.002202883
0.0021910933
0.0022076098
0.0022368666
0.002238508
0.002239743
0.0022642894
0.0022514996
0.0022775254
0.0022996347
0.0022872335
0.002299009
0.0022987057
0.0023243066
0.0023211732
0.0023468384
0.0023352117
0.0023515243
0.002375747
0.002397535
0.0023985272
0.0023950802
0.002417154
0.0024334535
0.0024527619
0.0024688558
0.002465678
0.0024772496
0.0024878236
0.002503384
0.0025056468
