0.0015225061
0.0012994814
0.0012676093
0.00125579
0.0012527
0.0012527141
0.0012206835
0.0012521966
0.0012365332
0.0012215876
0.0012186936
0.0012037875
0.0012154884
0.0012170549
0.0011788012
0.0012128197
0.0011771689
0.0011870275
0.0011989349
0.001191359
0.0011901298
0.0011883943
0.0011639766
0.0011752181
0.001185484
0.0011753883
0.0011835111
0.0012008371
0.0011717757
0.0012021764
0.0011870185
0.0011913083
0.0012023358
0.0011925816
0.0011924015
0.0012015951
0.0011812361
0.0011867443
0.0012025385
0.0012031298
0.0011873648
0.0011779554
0.0011923357
0.0012016541
0.0011970927
0.0012013385
0.0011994934
0.0011950177
0.0012044972
0.0012003167
0.0012018187
0.0012039895
0.0012051611
0.0012043131
0.0012185997
0.0012168848
0.0012006572
0.0012086829
0.0012181788
0.0012123625
0.001214004
0.0012117216
0.0012132052
0.0012211312
0.0012270766
0.0012356373
0.0012153173
0.001231118
0.0012280333
0.0012141893
0.0012324669
0.0012290541
0.0012321366
0.0012408723
0.0012342028
0.0012365438
