-0.03199279
0.017985206
0.01196384
0.016627077
0.013048857
0.013854782
0.008606045
0.0071914434
0.005239694
0.0057005025
0.0044067693
0.003622084
0.0025452762
0.0030200675
0.0014554574
0.0015107411
0.0011208714
0.0019487856
0.0009472048
-5.5096e-5
0.0006221693
0.0022370266
0.0008779171
0.0010396602
0.0015810049
0.0008932522
0.0010420062
0.0012956067
0.0011429685
0.002014278
0.0013819564
0.000113016664
0.0007479569
0.00049719086
0.0013195494
0.00079579203
0.0009986489
0.0008245008
0.00022465785
-0.00019236366
0.0003110232
0.0010942331
0.00066633377
0.0002137789
0.00016450946
-0.00020020372
0.00021972819
0.00040603345
0.00060286163
0.00015057345
-0.00043870148
0.00022948979
0.0011429515
0.00059638784
0.0002696492
0.00030182063
-0.00024110124
-1.2176488e-5
-0.00015452587
5.0849463e-5
0.0003963333
0.0001526444
0.00011757482
0.00028702852
7.0659255e-5
8.8656816e-5
0.00023819893
8.491521e-5
-1.8754177e-5
-0.00086427166
0.00018924987
0.00052931125
2.7363429e-5
-0.00024204605
3.597454e-7
-0.00017433302
