-0.6015946
-0.4581612
-0.3907827
-0.32840428
-0.291631
-0.25161752
-0.2298654
-0.20816697
-0.19313283
-0.17966658
-0.16556826
-0.15317596
-0.1476723
-0.15050001
-0.15158798
-0.14920038
-0.14664821
-0.14448415
-0.14327355
-0.13972871
-0.13693452
-0.13596651
-0.13291137
-0.13098341
-0.13146457
-0.12860553
-0.12720835
-0.12588173
-0.124276236
-0.12348785
-0.123040184
-0.11979729
-0.11936531
-0.116579525
-0.11527361
-0.11526434
-0.11189047
-0.11034864
-0.10975649
-0.108873405
-0.10599844
-0.10555996
-0.10428781
-0.10212421
-0.10231355
-0.10112029
-0.099684164
-0.09770968
-0.09614458
-0.095183946
-0.094813846
-0.093093194
-0.092566356
-0.09144093
-0.09164158
-0.08942737
-0.089047484
-0.08712874
-0.08479552
-0.08526129
-0.08401167
-0.08275266
-0.080949925
-0.08059146
-0.078432135
-0.07958699
-0.077617206
-0.07652654
-0.07569518
-0.074801795
-0.073839806
-0.07240678
-0.07108158
-0.07183211
-0.07064089
-0.06894507
