0.0027356984
0.002599775
0.002564935
0.0025289187
0.0025353923
0.0025064768
0.0024832794
0.0024950411
0.0024691871
0.002451189
0.0024488776
0.0024347913
0.0024316725
0.0024264958
0.002389129
0.0024006611
0.0023862426
0.0023828729
0.0023836573
0.0023755033
0.0023737662
0.002367378
0.0023486551
0.0023554608
0.002359537
0.0023472074
0.0023600091
0.0023596596
0.0023556422
0.0023598112
0.0023592536
0.0023501825
0.002354529
0.0023556394
0.0023543302
0.0023436097
0.002353937
0.0023593851
0.002371126
0.0023673577
0.0023534244
0.0023505003
0.0023611335
0.0023570505
0.0023652508
0.0023606066
0.0023579283
0.0023579542
0.0023719964
0.0023712274
0.0023614115
0.002376988
0.0023783077
0.0023761766
0.0023873788
0.002379255
0.0023757403
0.0023764984
0.002385598
0.0023803597
0.0023885032
0.0023851793
0.0023898697
0.002400288
0.00239218
0.002398174
0.002396432
0.0024050544
0.002401622
0.0024017554
0.0024078179
0.0024101804
0.0024114032
0.0024053522
0.0024137946
0.002415353
