0.008523082
0.006842664
0.006538738
0.006364493
0.006345189
0.006249977
0.006131271
0.006181897
0.0060874997
0.0059896526
0.0059766416
0.0059015704
0.005920469
0.005894519
0.005731521
0.0057924045
0.005684252
0.005714434
0.005730604
0.0056833522
0.0056502544
0.005654794
0.005557413
0.0055965907
0.0056262533
0.005585954
0.005620727
0.0056677493
0.0056158486
0.005678569
0.005639408
0.0056328764
0.0056691035
0.0056660757
0.0056629623
0.0056535155
0.00565526
0.0056871413
0.0057428717
0.0057325773
0.0056762835
0.0056690164
0.005730552
0.0057469574
0.0057598366
0.0057648295
0.005748513
0.00576059
0.005813358
0.0058100536
0.005802973
0.0058452697
0.0058349725
0.005858017
0.005905612
0.0058833784
0.005875405
0.0058838883
0.005928086
0.0059138965
0.0059493496
0.0059321085
0.005954603
0.0059971674
0.00601679
0.0060323365
0.0060068313
0.0060533267
0.00606311
0.006068712
0.0061091385
0.006104915
0.0061207856
0.006134051
0.0061513796
0.006157545
