0.9527142
0.38199273
0.3066976
0.23724148
0.20603772
0.1637588
0.14238852
0.12181125
0.10694545
0.09582733
0.085188136
0.074631855
0.070467256
0.070860475
0.070593834
0.068142295
0.06746906
0.06474945
0.061891448
0.059588086
0.056580123
0.05417008
0.051227886
0.050721854
0.049747135
0.048709657
0.047911443
0.047420565
0.046606116
0.04561485
0.044774666
0.04398018
0.043664668
0.043411653
0.043095708
0.04204807
0.04100673
0.041450758
0.040795643
0.040462557
0.039961763
0.039205816
0.039008494
0.038362976
0.038471404
0.038143836
0.037222553
0.036914438
0.036903676
0.036712065
0.035719555
0.03565657
0.034862224
0.035440132
0.035102684
0.034212437
0.03422736
0.034620304
0.033550825
0.03403816
0.033201344
0.032856937
0.03245019
0.032232393
0.031570435
0.03150532
0.03129429
0.030673511
0.030793203
0.030576266
0.0304552
0.029530864
0.029324004
0.029233707
0.028913667
0.028639149
