0.39948663
0.4855041
0.5861542
0.6720031
0.7288414
0.78290236
0.81206745
0.83939654
0.8582236
0.8760311
0.8912465
0.90287167
0.90909725
0.9083324
0.90643746
0.9096989
0.91286993
0.91424835
0.91659284
0.9208831
0.924214
0.92768943
0.93082047
0.9325517
0.93274844
0.9345451
0.93608695
0.9361568
0.93756944
0.93838567
0.93823767
0.94004774
0.94059414
0.9424956
0.94200414
0.94293076
0.9451392
0.94532734
0.9458287
0.9468392
0.9482261
0.94849885
0.9485461
0.9495714
0.9499351
0.9505748
0.951216
0.9521995
0.95274776
0.9531728
0.9536047
0.95465267
0.954911
0.95508814
0.9548832
0.95675755
0.95631087
0.9572786
0.9584345
0.9579868
0.9585674
0.95925456
0.9600364
0.95995724
0.96143943
0.9605444
0.9614837
0.9619791
0.96238536
0.96255594
0.96323955
0.96377915
0.96459246
0.9645166
0.96483576
0.9654844
