0.03756974
0.054280277
0.06650507
0.089745894
0.10368785
0.11103649
0.1175902
0.122139364
0.12572645
0.13349989
0.14548989
0.15837947
0.16552475
0.17345062
0.17739634
0.18512543
0.18876816
0.19523758
0.20189402
0.2083321
0.21761155
0.22452511
0.22961214
0.23394288
0.23892258
0.24436076
0.24900018
0.25215447
0.26021275
0.26395598
0.27172416
0.27714252
0.28151745
0.2856177
0.29113632
0.2985158
0.30213094
0.3082003
0.31102985
0.31802937
0.32289013
0.3253432
0.3345209
0.340223
0.34188873
0.3465679
0.35237235
0.3517556
0.36122954
0.36518684
0.36880028
0.37062934
0.37556785
0.38044378
0.38674128
