0.55897766
0.5209018
0.5119645
0.5027165
0.49265945
0.49308544
0.48668084
0.48790318
0.48927963
0.4843294
0.4753412
0.48230365
0.4750489
0.47275996
0.4728456
0.47500914
0.46303713
0.46840638
0.47907972
0.46601132
0.4731053
0.46773496
0.46646082
0.46069983
0.46403405
0.4573097
0.46445182
0.46643245
0.4615451
0.4630388
0.46614784
0.4660301
0.46697468
0.46824473
0.46740943
0.46524018
0.46714953
0.46329978
0.46538
0.46498165
0.46096215
0.46695125
0.46136668
0.46859232
0.46582934
0.46231326
0.46348003
0.4681991
0.4661125
0.46481228
0.46447894
0.4650724
0.4663648
0.47175616
0.4620269
