1.1562432
1.0872749
1.0650723
1.0461671
1.0283827
1.0182781
1.0073801
0.9942657
1.0003444
0.99029493
0.9772722
0.97501
0.9719819
0.96378815
0.9564038
0.9580161
0.94542086
0.9447527
0.94890326
0.9390493
0.9354741
0.9387128
0.9349384
0.9334357
0.93102926
0.925301
0.92940754
0.932251
0.9288816
0.9315101
0.9253954
0.9310905
0.9278783
0.9337685
0.92649895
0.92846453
0.92846894
0.9257649
0.9244907
0.9252247
0.9205338
0.9286503
0.9258714
0.925399
0.92798346
0.92782235
0.9221626
0.92940015
0.9252885
0.92590845
0.9279574
0.925515
0.92678154
0.9281927
0.925624
