0.0054113353
-0.008687139
-0.009546479
-0.0048431884
-0.00052978535
-0.0032655261
-0.0043957303
-0.004605732
-0.003988475
-0.0016949159
-0.002167134
-0.0017316637
-0.00016269728
-0.0031791038
-0.00070417207
-0.0011946147
-0.002153109
-0.0016669187
-0.0012543277
-0.001147706
-0.0015306338
-0.0004972919
-0.0017258538
-0.001255685
-0.00061542727
-0.0007763043
-0.000914761
-0.0010980866
-0.00069019484
-0.0014551735
-0.00084030855
-0.0016753889
-0.0011007058
-0.0011329341
-0.0016367704
-0.0009427287
-0.0004056785
-0.0009871827
-0.0008400764
-0.0016813879
-0.0014070914
-0.000629414
-0.000695026
-0.0006304628
-0.0006423086
-0.0009472466
-0.00091328623
-0.0006109953
-0.0007992467
-0.0010398403
-0.0005929675
-0.000743072
-0.0003787919
-0.0009519991
-0.0007834233
