-0.74014413
-0.54146767
-0.4167681
-0.41831797
-0.37923715
-0.34479833
-0.31169438
-0.27958333
-0.2522906
-0.24452274
-0.23999223
-0.24033588
-0.23136543
-0.22282708
-0.21442741
-0.2101689
-0.2008035
-0.19655271
-0.19340104
-0.1895089
-0.1867531
-0.17938884
-0.17549802
-0.17196298
-0.1682616
-0.16592972
-0.16326515
-0.15930906
-0.15874423
-0.15618715
-0.15628949
-0.15351798
-0.15102625
-0.14967966
-0.14747305
-0.14802743
-0.1459251
-0.14427342
-0.14200787
-0.14142138
-0.14073195
-0.13858306
-0.13667817
-0.13562392
-0.1337443
-0.1327524
-0.1319796
-0.12900509
-0.12973978
-0.1289664
-0.12785798
-0.12623554
-0.12505117
-0.12430034
-0.124062315
