1.6284776
1.2364806
1.1847358
1.0922496
1.0264883
0.9891626
0.9629669
0.9345244
0.94498384
0.92077035
0.88848484
0.8827997
0.863956
0.8456238
0.8336081
0.8263696
0.8076163
0.81147295
0.8136399
0.79448444
0.791265
0.8024797
0.7856295
0.7812709
0.7829556
0.77414113
0.7842915
0.7799277
0.7697686
0.78035975
0.7716598
0.780539
0.77485394
0.78652006
0.7810825
0.7749508
0.77608275
0.7746664
0.782291
0.7816382
0.7678544
0.7901247
0.7853734
0.77989924
0.78707016
0.788949
0.78288853
0.7936862
0.7922906
0.7886661
0.7955603
0.80117846
0.7954883
0.8011281
0.7964257
