3.3437002
2.844657
2.7617755
2.641133
2.5475316
2.500526
2.4570277
2.416693
2.4346082
2.3953958
2.3410993
2.3401132
2.3109868
2.2821727
2.2628586
2.259396
2.2160723
2.2246313
2.2416239
2.1995466
2.199844
2.208928
2.1870282
2.1754057
2.1780188
2.1567523
2.1781514
2.1786115
2.1601937
2.174908
2.1632032
2.1776593
2.169707
2.1885333
2.1749918
2.168656
2.1717002
2.1637301
2.1721613
2.1718452
2.1493502
2.1857257
2.1726105
2.1738904
2.180884
2.179085
2.1685324
2.191287
2.1836925
2.1793854
2.1879964
2.1917682
2.1886337
2.2010763
2.1840758
