0.75191206
0.35405555
0.54773164
0.55331385
0.61402464
0.66825724
0.7188842
0.7658141
0.79849553
0.8092925
0.8139365
0.8159254
0.8261841
0.83796495
0.8472095
0.8553346
0.8679712
0.87483305
0.8796494
0.88541496
0.88762397
0.89488196
0.89923835
0.90238166
0.90561604
0.9090509
0.911203
0.9145966
0.91531825
0.9174095
0.9181345
0.92003113
0.9219573
0.92273057
0.92458713
0.92501134
0.92589563
0.92713076
0.9286735
0.9294086
0.93009126
0.93120927
0.93244934
0.93347067
0.9340758
0.9349699
0.93552375
0.9371952
0.936856
0.93723214
0.9382423
0.9390934
0.9394119
0.9400217
0.9398898
