1.7302929
0.47816336
0.3459224
0.3148177
0.2787398
0.23263516
0.19889674
0.17020524
0.15232132
0.1399699
0.13817291
0.13420701
0.12757376
0.12117444
0.1129151
0.105637245
0.09709872
0.09108276
0.086231194
0.08172723
0.0820589
0.07616793
0.07315458
0.070599675
0.06896436
0.06584683
0.06411362
0.062108
0.06156627
0.059745807
0.058311775
0.058186654
0.057194218
0.055865623
0.05541471
0.053823274
0.05342474
0.053334497
0.052295823
0.05188803
0.050757393
0.05008053
0.04976531
0.04931314
0.048758447
0.048059177
0.047879
0.047010332
0.047250137
0.04667273
0.045813356
0.045194793
0.045662392
0.04530216
0.045515843
