0.07501178
0.14159404
0.19224836
0.24292694
0.30645823
0.35925925
0.4077425
0.45205352
0.49335793
0.5229903
0.55895305
0.58899665
0.8945662
0.8870146
0.896131
0.8970701
0.89891654
0.90945154
0.9182765
0.92506135
0.9387811
0.93741834
0.93733376
0.9497464
1.1347792
1.125925
1.1261789
1.1256061
1.1280984
1.1312239
1.1481582
1.1508703
1.1482852
1.1560258
1.1489143
1.1439002
1.2943869
1.2790164
1.2856236
1.2737422
1.2696371
1.2721857
1.2664278
1.2695748
1.2789068
1.2772642
1.2802278
1.2865678
1.4102573
1.4192361
1.4100055
1.4189633
1.419739
1.4257529
1.4340276
1.4320618
1.4263182
1.4405951
1.4451776
1.4471935
1.5523072
1.5417086
1.5423121
1.5187756
1.5232549
1.5093876
1.5131333
1.5039274
1.4871061
1.4824977
1.4778732
1.4669157
1.4623431
1.4621114
1.4524642
1.4523293
1.4431531
1.4391817
1.4344115
1.4230719
1.4248
1.4237738
1.4232848
1.4118122
1.413565
1.399811
1.3926464
1.3947706
1.3921231
1.3849882
1.3865863
1.3828144
1.3875636
1.3803028
1.3772504
1.3745264
1.3833357
1.3763956
1.3768867
1.3705096
1.3766518
1.3636768
1.368732
1.3740277
1.3718921
1.3662292
1.3615259
1.3673897
1.363521
1.365159
1.3704711
1.3617967
1.3653929
1.3652743
1.3607283
1.3632443
1.358741
1.3660289
1.3625478
1.3645868
1.3647342
1.3653353
1.3630071
1.354429
1.3684629
1.3596869
1.359507
1.3567936
1.3636268
1.3638735
1.3556412
1.3659575
1.3623861
1.3607255
1.3622662
1.3548164
1.3602296
1.3627264
1.3580498
1.3637664
1.3652974
1.365664
1.3522336
1.3558137
1.3533593
1.3607111
1.3634001
1.3577917
1.359069
1.3599076
1.3525065
1.3589151
1.3542879
1.3476617
1.3530145
1.3557496
1.3536531
1.3601438
1.3594456
1.3527656
1.3561631
1.3563533
1.3489501
1.3493749
1.3565288
1.3642286
1.3529835
1.3489776
1.3477571
1.3551096
1.3549292
1.3558457
1.3550628
1.3471987
1.3480958
1.3461145
1.3512375
1.3419018
1.3540397
1.3490276
1.3517159
1.3461465
1.3550943
1.3536476
1.348168
1.3454285
