-1.6588562
-1.6972821
-2.1014967
-2.2369492
-2.3754914
-2.4297245
-2.4076202
-2.373781
-2.3527267
-2.2433
-2.214389
-2.158732
-1.7133058
-1.6541632
-1.5954069
-1.5396162
-1.4946837
-1.4638689
-1.4320922
-1.391034
-1.3678269
-1.3270383
-1.290696
-1.2638252
-1.1433
-1.1131848
-1.091325
-1.068231
-1.0520486
-1.0323323
-1.0301605
-1.0079166
-0.9884147
-0.9762393
-0.95241946
-0.9304623
-0.88048154
-0.8581387
-0.85017055
-0.8299607
-0.81568855
-0.8027181
-0.79098237
-0.77853715
-0.77557635
-0.7655501
-0.7572257
-0.7508322
-0.72032857
-0.71669835
-0.704922
-0.7017071
-0.69519293
-0.6900995
-0.6850679
-0.67848045
-0.66713864
-0.66878444
-0.66320693
-0.6559268
-0.6394139
-0.63436955
-0.63365924
-0.6260004
-0.6268528
-0.6220839
-0.6216552
-0.61829793
-0.611099
-0.6108839
-0.60885054
-0.6040112
-0.60259145
-0.6009753
-0.59770554
-0.59722596
-0.5947235
-0.5928335
-0.5899745
-0.58626056
-0.585827
-0.58661395
-0.58419037
-0.5821935
-0.58278793
-0.574721
-0.5721794
-0.57456005
-0.5706881
-0.56978667
-0.56972724
-0.56967175
-0.5687737
-0.5687317
-0.5662724
-0.5638932
-0.5671383
-0.5662692
-0.5660773
-0.56333387
-0.56533676
-0.5610002
-0.5629566
-0.5628856
-0.562352
-0.56225073
-0.55957395
-0.5630001
-0.5603678
-0.5603241
-0.56301737
-0.5588889
-0.56120384
-0.5588531
-0.5589547
-0.55993253
-0.5583667
-0.5593661
-0.5591517
-0.5597953
-0.5606725
-0.5618194
-0.5601249
-0.5568589
-0.56107134
-0.5578682
-0.5580241
-0.5567999
-0.55937505
-0.5601789
-0.55669844
-0.559639
-0.55873334
-0.5602107
-0.56017584
-0.555275
-0.558217
-0.5604098
-0.55694216
-0.55918
-0.5601781
-0.55950487
-0.55548
-0.55669457
-0.5563258
-0.5583839
-0.5589054
-0.55609924
-0.55936736
-0.55715364
-0.5544329
-0.5584733
-0.55609
-0.5529487
-0.55330384
-0.55781883
-0.55559844
-0.557448
-0.55746007
-0.5551477
-0.5562249
-0.55557567
-0.55476713
-0.5533756
-0.55596054
-0.5594874
-0.5572678
-0.5533957
-0.5534488
-0.5568471
-0.55640936
-0.55740124
-0.5565635
-0.552574
-0.55194163
-0.5533555
-0.55455106
-0.55204684
-0.5543638
-0.5530516
-0.553832
-0.5520651
-0.5568416
-0.55519253
-0.55211675
-0.5523932
