-0.19732165
-0.08142884
-0.065157294
-0.05091875
-0.04469467
-0.04518335
-0.035608023
-0.035661902
-0.0279964
-0.022967542
-0.020270905
-0.017651696
-0.015113709
-0.01450277
-0.012648732
-0.013491277
-0.009711072
-0.009077681
-0.012245576
-0.0114345625
-0.0080307545
-0.0101497695
-0.010075296
-0.008560762
-0.008607737
-0.006906486
-0.0077025997
-0.008961711
-0.0071491553
-0.009372546
-0.007300795
-0.006182447
-0.0055178204
-0.005515663
-0.006244832
-0.0054565263
-0.0040818714
-0.0046732766
-0.004808869
-0.006424312
-0.005090819
-0.006706701
-0.0064246915
-0.006696609
-0.0056473035
-0.006637947
-0.005705445
-0.0063207075
-0.0057596774
-0.0046911533
-0.004407297
-0.004381056
-0.004379367
-0.0053240634
-0.0045503536
-0.004521975
-0.004354085
-0.003918794
-0.0050937287
-0.0036636991
-0.0053191236
-0.0037894885
-0.005068675
-0.005355609
-0.0037760243
-0.004229407
-0.0050997185
-0.0042150607
-0.0040085856
-0.0047707185
-0.0054779174
-0.00399694
-0.0041896426
-0.00464111
-0.0052091377
-0.003501014
-0.0042511555
-0.0050525535
-0.003955515
-0.0039783157
-0.0044585224
-0.004160758
-0.0045860773
-0.0041687144
-0.0053289346
-0.0045375484
-0.0047408445
-0.002724972
-0.0026810353
-0.0049074492
-0.004362884
-0.0036500182
-0.0039252727
-0.003372437
-0.0032338507
-0.004641998
-0.0041311625
-0.0038517993
-0.0036978023
-0.0033564912
-0.0042125466
-0.0033526327
-0.003661861
-0.0031743054
-0.0036959047
-0.0035853118
-0.0034076865
-0.004192528
-0.0049204314
-0.0031187416
-0.0030228232
-0.003830274
-0.0025666975
-0.0035245505
-0.0033238542
-0.0036098482
-0.0036015925
-0.0024251759
-0.0033401581
-0.002890803
-0.0033801135
-0.0027371251
-0.0027718358
-0.0032908192
-0.003165985
-0.0030926566
-0.0035869465
-0.0025984345
-0.0024497889
-0.0029829226
-0.0028401306
-0.0033237603
-0.002270627
-0.0022045323
-0.003316725
-0.0028004944
-0.0030976224
-0.0022756886
-0.0037595483
-0.0031279994
-0.0027708127
-0.003235318
-0.0018512972
-0.003274325
-0.0027935072
-0.0022631711
-0.0014723331
-0.0027551414
-0.0027641177
-0.002114308
-0.002284804
-0.0034378169
-0.0027036378
-0.0026153666
-0.0026644198
-0.0013991987
-0.003159142
-0.00091431406
-0.0022614824
-0.0026013306
-0.0030157499
-0.0022258295
-0.0015858384
-0.0025322943
-0.0038977608
-0.002325174
-0.0024132004
-0.0024151732
-0.0024486335
-0.0024362563
-0.002464423
-0.0019027021
-0.0030392664
-0.0030072965
-0.0027497255
-0.0015858354
-0.0029318477
-0.0022948608
-0.0021528362
-0.0024723532
-0.0020706074
-0.0029019204
-0.0017276813
-0.0019802717
-0.0018430564
-0.0020471837
