21.010855
15.996981
12.176632
10.062053
8.681551
7.412636
6.779639
6.181296
5.6040397
5.2768536
4.7385025
4.4726377
4.4685626
4.208388
4.105319
3.9313588
3.8303752
3.6843786
3.5895402
3.469667
3.4040983
3.307112
3.1855311
3.1313562
3.16078
3.0733705
3.059015
2.9648156
2.9311078
2.8681192
2.8089235
2.7526538
2.772253
2.6964664
2.6165643
2.613009
2.629986
2.579956
2.5260453
2.5024369
2.4454417
2.4442732
2.397055
2.409803
2.4114327
2.3591568
2.3449082
2.3701587
2.3682783
2.332277
2.2977636
2.3161664
2.3025627
2.2873254
2.2548537
2.2397304
2.226542
2.2328193
2.2405596
2.2336276
2.2282226
2.209007
2.2119894
2.1817138
2.2281587
2.169544
2.19079
2.183026
2.10357
2.126447
2.1099982
2.0931945
2.0393791
2.065075
2.0621018
2.038924
2.0289247
2.0109131
1.9956388
2.0097134
1.9922789
2.008633
1.969898
1.9706292
1.9464517
1.8939734
1.9080049
1.9289918
1.9064773
1.8891745
1.905702
1.9122465
1.9005016
1.8722562
1.8534609
1.8492513
1.8379121
1.827402
1.8005773
1.8349189
1.7970762
1.7556221
1.8002923
1.8199642
1.824593
1.7724099
1.7857573
1.7613575
1.7253308
1.756883
1.7350448
1.7089978
1.7318443
1.7493345
1.7370499
1.7235646
1.7080364
1.7181115
1.7085445
1.7434719
1.6766329
1.6784152
1.6800953
1.6483347
1.670809
1.6727872
1.6527654
1.6584866
1.6692078
1.6458614
1.6288878
1.668535
1.5993091
1.6213316
1.6166571
1.6070576
1.6161855
1.6139839
1.6262541
1.5824099
1.6085869
1.6283684
1.5748734
1.5919986
1.5414499
1.5724508
1.5811092
1.5523475
1.5574844
1.565757
1.5733548
1.5853473
1.5754598
1.5436971
1.563678
1.5794096
1.523766
1.530836
1.5407213
1.5259194
1.534927
1.5385814
1.5090005
1.522037
1.5436102
1.5317496
1.526395
1.5101207
1.4945815
1.4957832
1.4920722
1.5001652
1.5205184
1.476282
1.5015391
1.4962353
1.4968567
1.4799666
1.4986053
1.5015846
1.4586112
1.461201
1.4841081
1.4708064
1.4778963
1.4635198
