6.5000453
3.26498
2.1517458
1.7039435
1.5294875
1.3688319
1.2672391
1.1896276
1.10175
1.057973
0.9926789
0.94283867
0.8114844
0.7500905
0.72877604
0.6962265
0.6648476
0.64053524
0.61559975
0.59875226
0.58276534
0.55726385
0.5338933
0.523195
0.479708
0.4576539
0.4472131
0.4334401
0.42169443
0.41475916
0.4072317
0.40167233
0.39059353
0.38156083
0.37228736
0.3635453
0.34669992
0.33393735
0.32694015
0.31617513
0.3069453
0.30034015
0.29244673
0.28809732
0.2818101
0.27350157
0.26887912
0.26658762
0.25708356
0.25232524
0.24850702
0.24479327
0.24268498
0.24038942
0.23758171
0.23390916
0.23181942
0.22921307
0.22775744
0.22704072
0.22003679
0.21934183
0.21893692
0.21490873
0.21506704
0.21224533
0.21344762
0.2117516
0.2090883
0.2065586
0.20578109
0.20450631
0.20327598
0.20362607
0.20022441
0.19994001
0.1968144
0.19574425
0.1953434
0.19323543
0.19415322
0.19279474
0.1923798
0.19032097
0.19007862
0.18905652
0.18830806
0.1870915
0.18711288
0.18521306
0.18456821
0.18336819
0.18481804
0.1812501
0.18136494
0.18153533
0.18232311
0.17978139
0.17959882
0.17927524
0.17983608
0.17699634
0.17700975
0.17973271
0.17968166
0.17571533
0.17685091
0.1751017
0.17612834
0.17623086
0.17635134
0.17504498
0.17510466
0.17646569
0.17502019
0.1751962
0.17400257
0.17565598
0.17486702
0.17457166
0.17345138
0.17319778
0.17309567
0.17142224
0.17401563
0.17326508
0.17278707
0.17198563
0.1730983
0.1723941
0.1714243
0.17299914
0.17227195
0.17006035
0.17184454
0.17172322
0.17173165
0.17077015
0.17164241
0.17130803
0.17184922
0.17204793
0.16954069
0.1695538
0.1691643
0.17076139
0.17114736
0.17042805
0.16920817
0.17066088
0.16959675
0.16894062
0.16893119
0.16862637
0.17105775
0.16867393
0.16891868
0.16952623
0.16987474
0.16824576
0.16910776
0.16942754
0.16683458
0.16763666
0.16900195
0.16884801
0.16617168
0.1675641
0.16702732
0.16682291
0.1669678
0.16764373
0.16763604
0.16690974
0.16771042
0.16612086
0.16649064
0.16504617
0.16828471
0.16738372
0.16709831
0.16592161
0.16648214
0.16630894
0.1670678
0.1649367
