3.2264683
1.7401601
1.5503104
1.3573517
1.3892072
1.2435429
1.2270956
1.183045
1.209728
1.2408248
1.3267438
1.3850641
1.2083952
1.3233898
1.4144557
1.483976
1.5402142
1.6198746
1.6961426
1.7647314
1.8301766
1.8704268
1.9208741
1.9683102
1.8291645
1.8644181
1.8560055
1.8750662
1.889149
1.8848665
1.9189836
1.9271085
1.9289602
1.9678885
1.9473181
1.9423686
1.8548493
1.8634341
1.9036283
1.9032761
1.9223593
1.9471973
1.9387119
1.9412678
1.9738417
1.9823619
1.9784892
1.961605
1.8867556
1.9096874
1.8700105
1.8874019
1.8608195
1.8623766
1.8787221
1.862744
1.8273069
1.8477721
1.8433398
1.8167615
1.7690015
1.7574666
1.7712922
1.7491311
1.7657485
1.7700667
1.7716625
1.7731465
1.760563
1.771167
1.7816788
1.772238
1.7740563
1.7793202
1.7889354
1.7967364
1.7983153
1.8056253
1.8039026
1.796648
1.7901357
1.8082995
1.8188938
1.8117427
1.8211411
1.8021567
1.7943001
1.8096367
1.816224
1.8155138
1.8239664
1.8241911
1.8330654
1.83958
1.8385159
1.8291093
1.850451
1.8496691
1.8587685
1.8434592
1.8601512
1.8483726
1.861652
1.8560561
1.8573495
1.8704208
1.8480272
1.8865737
1.863316
1.8697134
1.8836755
1.871995
1.8819653
1.8695458
1.8711581
1.873983
1.8698628
1.8849499
1.8806918
1.8914194
1.8943882
1.9004852
1.8865929
1.8865855
1.9089571
1.8853985
1.8906353
1.893843
1.9030641
1.9062444
1.891824
1.9085172
1.9046816
1.9196422
1.9089588
1.8898851
1.9089847
1.920411
1.8983537
1.9217716
1.9172258
1.9179983
1.9037943
1.9175869
1.9127017
1.9155926
1.9207486
1.9181539
1.9262216
1.9202358
1.9096456
1.927011
1.9178821
1.9069331
1.8959298
1.9291058
1.9176115
1.9343953
1.9286717
1.9278871
1.9265604
1.9244071
1.9254625
1.9245472
1.9308908
1.9504186
1.9457335
1.9247032
1.9234719
1.9440598
1.9429399
1.9407337
1.9352778
1.9277381
1.9253429
1.9274634
1.9353893
1.9235684
1.9347125
1.9286213
1.9424945
1.932069
1.9489995
1.9504706
1.9274147
1.944025
