1.0261524e-8
2.0420579e-8
2.6916046e-8
3.303965e-8
3.895318e-8
4.3141476e-8
4.5801062e-8
4.8767e-8
5.1225673e-8
5.3636953e-8
5.6779665e-8
5.899302e-8
6.1980494e-8
6.41906e-8
6.657895e-8
7.0043896e-8
7.227632e-8
7.433453e-8
7.759113e-8
7.903461e-8
8.2141945e-8
8.491745e-8
8.8266226e-8
8.92984e-8
9.1659125e-8
9.330611e-8
9.6105154e-8
9.705678e-8
9.816443e-8
9.977741e-8
1.0122216e-7
1.026307e-7
1.0452992e-7
1.0458933e-7
1.0631732e-7
1.0778181e-7
1.08874296e-7
1.0897206e-7
1.11189195e-7
1.1298436e-7
1.1346678e-7
1.13550534e-7
1.1462127e-7
1.1582512e-7
1.13125196e-7
1.14441065e-7
1.14657304e-7
1.1357903e-7
1.1353293e-7
1.13903134e-7
1.13431206e-7
1.1320758e-7
1.1144582e-7
1.1228472e-7
1.1219327e-7
1.1251802e-7
1.1122405e-7
1.1319774e-7
1.1147724e-7
1.13183845e-7
1.1126329e-7
1.1169076e-7
1.1040612e-7
1.1170335e-7
1.1191875e-7
1.1197006e-7
1.1200445e-7
1.11630484e-7
1.11856295e-7
1.12479185e-7
1.11136046e-7
1.120227e-7
1.1123367e-7
1.10563356e-7
1.1144323e-7
1.1219022e-7
1.11506424e-7
1.113493e-7
1.108539e-7
1.1071176e-7
1.1101913e-7
1.1094328e-7
1.1098899e-7
1.11121736e-7
1.1267766e-7
1.1292236e-7
1.1177361e-7
1.1413627e-7
1.1149273e-7
1.1299718e-7
1.1194657e-7
1.1254324e-7
1.11826886e-7
1.1334247e-7
1.1289735e-7
1.1268063e-7
1.11825344e-7
1.1322448e-7
1.1244511e-7
1.1205215e-7
1.1292174e-7
1.12729204e-7
1.12437355e-7
1.13176775e-7
1.1164898e-7
1.12807676e-7
1.12851474e-7
1.1345823e-7
1.126096e-7
1.1344963e-7
1.133556e-7
1.1334245e-7
1.12736885e-7
1.1278714e-7
1.1350272e-7
1.1337124e-7
1.1315651e-7
1.1351493e-7
1.1475926e-7
1.15185436e-7
1.1332165e-7
1.13425266e-7
1.12859965e-7
1.13477846e-7
1.14324145e-7
1.1453615e-7
1.14408714e-7
1.14409275e-7
1.1503484e-7
1.1450219e-7
1.15719004e-7
1.1354188e-7
1.1487377e-7
1.1541083e-7
1.15140516e-7
1.15770625e-7
1.1459555e-7
1.1478731e-7
1.1429425e-7
1.1488048e-7
1.1494928e-7
1.1475261e-7
1.1500634e-7
1.1578108e-7
1.14152975e-7
1.1576144e-7
1.1585714e-7
1.1506606e-7
1.1512784e-7
1.1646116e-7
1.1625071e-7
1.1495957e-7
1.1524014e-7
1.1567834e-7
1.15528564e-7
1.15788495e-7
1.1520612e-7
1.1519568e-7
1.16327776e-7
1.16627405e-7
1.1554923e-7
1.160512e-7
1.17043186e-7
1.1704394e-7
1.1611759e-7
1.1584938e-7
1.1648416e-7
1.1583299e-7
1.16337425e-7
1.1757027e-7
1.1552309e-7
1.16536455e-7
1.1573498e-7
1.16274826e-7
1.159744e-7
1.16957e-7
1.1772513e-7
1.16629764e-7
1.1588308e-7
1.1593224e-7
1.16717196e-7
1.1602263e-7
1.1656505e-7
1.1715416e-7
1.1723426e-7
1.1730723e-7
1.168292e-7
1.1823231e-7
1.158458e-7
1.1782136e-7
1.1698759e-7
1.16942275e-7
1.1700741e-7
1.1711969e-7
1.1737306e-7
1.1721293e-7
1.1755717e-7
1.17219415e-7
1.1635588e-7
1.17555096e-7
1.1695974e-7
1.1835913e-7
1.1728509e-7
1.1738139e-7
1.1676276e-7
1.1671202e-7
1.1788993e-7
1.18503216e-7
1.1976448e-7
1.18951746e-7
1.18172714e-7
1.1835591e-7
1.1811241e-7
1.18186286e-7
1.1804864e-7
1.1865736e-7
1.1801855e-7
1.1837354e-7
1.1782531e-7
1.1969269e-7
1.1935009e-7
1.18905675e-7
1.1757256e-7
1.1854142e-7
1.1835178e-7
1.1797957e-7
1.18790965e-7
1.18083165e-7
1.1894376e-7
1.1924489e-7
1.1963154e-7
1.193318e-7
1.18812714e-7
1.1950678e-7
1.18243136e-7
1.1850609e-7
1.1995608e-7
1.1815008e-7
1.18909895e-7
1.1962992e-7
1.2035919e-7
1.1935533e-7
1.1996522e-7
1.1915018e-7
1.19070265e-7
1.1859919e-7
1.2017945e-7
1.203218e-7
1.18388016e-7
1.1949507e-7
1.1952773e-7
1.1831299e-7
1.195393e-7
1.19204074e-7
1.2038372e-7
1.2005378e-7
1.1988278e-7
1.1940311e-7
1.2068703e-7
1.2028612e-7
1.1940558e-7
1.2003694e-7
1.2120006e-7
1.18770366e-7
1.1945396e-7
1.1920406e-7
1.1941147e-7
1.2062138e-7
1.202606e-7
1.1964379e-7
1.2056664e-7
1.2006059e-7
1.2064349e-7
1.2021474e-7
1.1994133e-7
1.196435e-7
1.2039303e-7
1.1969868e-7
1.200836e-7
1.2052406e-7
1.207585e-7
1.2067154e-7
1.2023258e-7
1.1993595e-7
1.2027793e-7
1.2144194e-7
1.2077786e-7
1.2045216e-7
1.2197934e-7
1.2100789e-7
1.2007278e-7
1.2023717e-7
1.206645e-7
1.2190549e-7
1.2070866e-7
1.2272538e-7
1.2054659e-7
1.2095425e-7
1.2087963e-7
1.2155705e-7
1.2177226e-7
1.2168297e-7
1.2141577e-7
1.2121367e-7
1.2119843e-7
1.2187527e-7
1.2257678e-7
1.2123215e-7
1.2152317e-7
1.2155839e-7
1.2080943e-7
1.2206061e-7
1.2216219e-7
1.2163773e-7
1.2100483e-7
1.2161122e-7
1.2296242e-7
1.2224342e-7
1.2264523e-7
1.2183678e-7
1.2189821e-7
1.2246687e-7
1.235229e-7
1.2206137e-7
1.2090446e-7
1.2092363e-7
1.2222964e-7
1.2196837e-7
1.218366e-7
1.2196433e-7
1.2265814e-7
1.2139047e-7
1.2231632e-7
1.2119112e-7
1.225412e-7
1.2272021e-7
1.217874e-7
1.221828e-7
1.2280005e-7
1.2254363e-7
1.2267186e-7
1.2144643e-7
1.2272257e-7
1.2195576e-7
1.2342788e-7
1.2217478e-7
1.222618e-7
1.2293265e-7
1.2297353e-7
1.2301547e-7
1.2313609e-7
1.2189794e-7
1.228596e-7
1.2297154e-7
1.2353489e-7
1.2228966e-7
1.2245849e-7
1.2296347e-7
1.2149486e-7
1.2345838e-7
1.226004e-7
1.2295571e-7
1.2244857e-7
1.2465311e-7
1.2234939e-7
1.2248424e-7
1.2264839e-7
1.2318435e-7
1.2422925e-7
1.2176754e-7
1.2333341e-7
1.2228372e-7
1.2352243e-7
1.2265372e-7
1.2289175e-7
1.2398033e-7
1.2198312e-7
1.2317396e-7
1.236069e-7
1.2328495e-7
1.22367e-7
1.242975e-7
1.2349469e-7
1.2358429e-7
1.2444413e-7
1.2363589e-7
1.2381459e-7
1.2319252e-7
1.2273264e-7
1.2440191e-7
1.2320574e-7
1.2394091e-7
1.2306538e-7
1.2394247e-7
1.2342302e-7
1.2382267e-7
1.2403031e-7
1.2290364e-7
1.2254422e-7
1.2336871e-7
1.2254563e-7
1.2290661e-7
1.2243117e-7
1.244596e-7
1.2473942e-7
1.2448162e-7
1.2438723e-7
1.244479e-7
1.2328556e-7
1.244199e-7
1.2393419e-7
1.2405116e-7
1.238589e-7
1.2394457e-7
1.2381881e-7
1.2446603e-7
1.238278e-7
1.2416528e-7
1.2346551e-7
1.2482141e-7
1.2366606e-7
1.2407553e-7
1.248588e-7
1.2530084e-7
1.2429213e-7
1.2386545e-7
1.2439199e-7
1.2588255e-7
1.2379432e-7
1.2373097e-7
1.249203e-7
1.2368318e-7
1.2410447e-7
1.2432079e-7
1.2466826e-7
1.2369328e-7
1.2448835e-7
1.244592e-7
1.2580529e-7
1.2487699e-7
1.2528479e-7
1.2413739e-7
1.25523e-7
1.2450914e-7
1.2407273e-7
1.241353e-7
1.2435379e-7
1.2514147e-7
1.2505569e-7
1.2464162e-7
1.2420297e-7
1.2526918e-7
1.2493777e-7
1.2462476e-7
1.241538e-7
1.232797e-7
1.2456358e-7
1.252531e-7
1.2426821e-7
1.2554236e-7
1.2433338e-7
1.2410021e-7
1.2470835e-7
1.2421374e-7
1.2488296e-7
1.2493668e-7
1.2544626e-7
1.243147e-7
1.2589088e-7
1.2467754e-7
1.2497536e-7
1.2490973e-7
1.258689e-7
1.2378302e-7
1.2488421e-7
1.2578924e-7
1.2509479e-7
1.2446434e-7
1.2440096e-7
1.238208e-7
1.2510056e-7
1.2496452e-7
1.2434705e-7
1.254715e-7
1.2448389e-7
1.2490985e-7
1.2529195e-7
1.2494456e-7
1.2542853e-7
1.254503e-7
1.2473369e-7
1.2392731e-7
1.2481343e-7
1.2578228e-7
1.2525378e-7
1.2579356e-7
1.2469788e-7
1.2482147e-7
1.248665e-7
1.252758e-7
1.2639586e-7
1.2506257e-7
1.2575701e-7
1.2597312e-7
1.2441086e-7
1.2431714e-7
1.2496334e-7
1.258249e-7
1.2572983e-7
1.2528373e-7
1.2529814e-7
1.2636217e-7
1.2613091e-7
1.2549407e-7
1.2589412e-7
1.2584547e-7
1.2557109e-7
1.2447376e-7
1.2578083e-7
1.2517289e-7
1.2482585e-7
1.2612816e-7
1.250504e-7
1.2530057e-7
1.2506256e-7
1.2574611e-7
1.2548787e-7
1.2564797e-7
1.2583511e-7
1.2505517e-7
1.2536768e-7
1.2545654e-7
1.2574233e-7
1.2569569e-7
1.2512706e-7
1.2539618e-7
1.2575033e-7
1.2410759e-7
1.2511447e-7
1.2589722e-7
1.2468942e-7
1.2524856e-7
1.258091e-7
1.253191e-7
1.2487095e-7
1.2550016e-7
1.2553751e-7
1.2566568e-7
1.2485553e-7
1.2702738e-7
1.2557715e-7
1.2447826e-7
1.2534275e-7
1.2510533e-7
1.2597346e-7
1.26239e-7
1.2534225e-7
1.264566e-7
1.2631683e-7
1.2569714e-7
1.2527445e-7
1.2640189e-7
1.2447352e-7
1.2582461e-7
1.2643788e-7
1.2560349e-7
1.2644676e-7
1.2538554e-7
1.2533887e-7
1.2565857e-7
1.2455456e-7
1.2610685e-7
1.2688646e-7
1.249853e-7
1.2564564e-7
1.2641705e-7
1.2728107e-7
1.2544245e-7
1.2614981e-7
1.2548185e-7
1.2588934e-7
1.2677333e-7
1.258423e-7
1.2520258e-7
1.2643116e-7
1.2567699e-7
1.2550802e-7
1.2527062e-7
1.2590863e-7
1.2567268e-7
1.2632289e-7
1.2564954e-7
1.2611835e-7
1.2546415e-7
1.264166e-7
1.2537807e-7
1.246162e-7
1.2658569e-7
1.2556296e-7
1.244955e-7
1.261767e-7
1.2621197e-7
1.2703343e-7
1.2563835e-7
1.2537488e-7
1.26429e-7
1.2545875e-7
1.2635093e-7
1.2637192e-7
1.2627268e-7
1.256146e-7
1.2540389e-7
1.2608125e-7
1.2587789e-7
1.2696528e-7
1.2554763e-7
1.2487418e-7
1.2649419e-7
1.2640625e-7
1.2640226e-7
1.2696826e-7
1.2570358e-7
1.2642919e-7
1.2629884e-7
1.2637075e-7
1.2639917e-7
1.2660145e-7
1.25749e-7
1.2524957e-7
1.2610985e-7
1.2625773e-7
1.2618342e-7
1.2620514e-7
1.2599513e-7
1.2644588e-7
1.25794e-7
1.2560135e-7
1.2592074e-7
1.2560405e-7
1.2655231e-7
1.2570688e-7
1.2613233e-7
1.2744405e-7
1.2669514e-7
1.2634042e-7
1.2779358e-7
1.2560815e-7
1.2597525e-7
1.2547397e-7
1.2575772e-7
1.2583222e-7
1.2587162e-7
1.265074e-7
1.2594909e-7
1.2694885e-7
1.257004e-7
1.2619485e-7
1.2619728e-7
1.2597177e-7
1.2573835e-7
1.2583295e-7
1.253541e-7
1.2625776e-7
1.2546768e-7
1.2640604e-7
1.2641128e-7
1.2634686e-7
1.255125e-7
1.261694e-7
1.2584142e-7
1.2661573e-7
1.2695851e-7
1.2647669e-7
1.252824e-7
1.2807968e-7
1.25253e-7
1.2563335e-7
1.2599534e-7
1.263683e-7
1.2679234e-7
1.2529826e-7
1.2692493e-7
1.2617477e-7
1.264432e-7
1.2610658e-7
1.2644112e-7
1.2615557e-7
1.2606262e-7
1.261771e-7
1.277018e-7
1.276734e-7
1.2687306e-7
1.2506123e-7
1.2682953e-7
1.2573481e-7
1.2529448e-7
1.2588481e-7
1.2686895e-7
1.2646157e-7
1.2623417e-7
1.2730544e-7
1.2690359e-7
1.2586062e-7
1.2670594e-7
1.2648233e-7
1.2724082e-7
1.2712373e-7
1.2611336e-7
1.2658494e-7
1.2615743e-7
1.2624994e-7
1.2585342e-7
1.2663067e-7
1.2660718e-7
1.2646532e-7
1.268921e-7
1.2712576e-7
1.2603887e-7
1.2672714e-7
1.2647457e-7
1.2656392e-7
1.2594253e-7
1.260902e-7
1.2577797e-7
1.2653781e-7
1.2654931e-7
1.2747549e-7
1.2802391e-7
1.2710349e-7
1.2703228e-7
1.2806477e-7
1.2670655e-7
1.269366e-7
1.2623593e-7
1.264681e-7
1.272672e-7
1.2641446e-7
1.2680223e-7
1.2637801e-7
1.2595675e-7
1.2726571e-7
1.2669807e-7
1.2624669e-7
1.2501687e-7
1.2763621e-7
1.2650075e-7
1.2647551e-7
1.2704275e-7
1.2692631e-7
1.2687954e-7
1.2713114e-7
1.2686424e-7
1.2661391e-7
1.2547014e-7
1.263898e-7
1.2742774e-7
1.2758949e-7
1.2754032e-7
1.2623441e-7
1.2653065e-7
1.2640955e-7
1.2711762e-7
1.270309e-7
1.2705985e-7
1.2809167e-7
1.261129e-7
1.2735134e-7
1.2610822e-7
1.2617676e-7
1.259622e-7
1.2667326e-7
1.2659864e-7
1.2756011e-7
1.2629381e-7
1.2670375e-7
1.2673904e-7
1.2701287e-7
1.2703887e-7
1.2685963e-7
1.2756462e-7
1.270659e-7
1.2743769e-7
1.2636902e-7
1.2930897e-7
1.263532e-7
1.271913e-7
1.2699812e-7
1.2562097e-7
1.2745762e-7
1.2707953e-7
1.2751829e-7
1.2699412e-7
1.2655651e-7
1.2633039e-7
1.2606156e-7
1.2583048e-7
1.2695662e-7
1.269931e-7
1.2744557e-7
1.2615837e-7
1.2655462e-7
1.2587314e-7
1.2666695e-7
1.2685246e-7
1.2611524e-7
1.2621489e-7
1.2669267e-7
1.2749335e-7
1.2716721e-7
1.2713913e-7
1.2865053e-7
1.2642458e-7
1.2681386e-7
1.270765e-7
1.2739065e-7
1.2667242e-7
1.2690157e-7
1.2692045e-7
1.2788612e-7
1.2705844e-7
1.2742848e-7
1.2702544e-7
1.2682793e-7
1.2588703e-7
1.2677194e-7
1.2753982e-7
1.2627e-7
1.2733423e-7
1.2809285e-7
1.2833043e-7
1.2678305e-7
1.2828104e-7
1.2750606e-7
1.2678468e-7
1.267779e-7
1.2702283e-7
1.2781929e-7
1.2816308e-7
1.2850863e-7
1.2715108e-7
1.2727087e-7
1.2709454e-7
1.2773548e-7
1.2763648e-7
1.2792533e-7
1.2716198e-7
1.2718633e-7
1.2740459e-7
1.2935509e-7
1.270606e-7
1.2721985e-7
1.265558e-7
1.2670984e-7
1.2814714e-7
1.2798216e-7
1.2709508e-7
1.2781524e-7
1.2745207e-7
1.2755362e-7
1.270522e-7
1.2739541e-7
1.2782418e-7
1.2812649e-7
1.2810237e-7
1.2666176e-7
1.2715888e-7
1.2802668e-7
1.2759772e-7
1.2734874e-7
1.2765216e-7
1.2608814e-7
1.2701338e-7
1.266998e-7
1.2648006e-7
1.279837e-7
1.2690506e-7
1.2793429e-7
1.2767853e-7
1.2681863e-7
1.2733427e-7
1.2748092e-7
1.280805e-7
1.2725077e-7
1.2845241e-7
1.2794348e-7
1.2672008e-7
1.2646386e-7
1.2801729e-7
1.2810207e-7
1.2744161e-7
1.2727381e-7
1.2823998e-7
1.2776019e-7
1.281497e-7
1.2799707e-7
1.2722636e-7
1.2757408e-7
1.2760405e-7
1.2802289e-7
1.2674057e-7
1.2702874e-7
1.2827064e-7
1.2760317e-7
1.2722501e-7
1.2720447e-7
1.2685416e-7
1.2851862e-7
1.2745178e-7
1.2707073e-7
1.2673247e-7
1.2799596e-7
1.2729392e-7
1.2808488e-7
1.272515e-7
1.2692819e-7
1.2746439e-7
1.2710173e-7
1.2760539e-7
1.2810143e-7
1.2847822e-7
1.2735003e-7
1.2757903e-7
1.2723974e-7
1.2852634e-7
1.2787723e-7
1.273725e-7
1.2824924e-7
1.2748528e-7
1.2734286e-7
1.2778564e-7
1.2765722e-7
1.2768868e-7
1.2726709e-7
1.2680405e-7
1.2763631e-7
1.281208e-7
1.2705904e-7
1.2900966e-7
1.2868958e-7
1.2897543e-7
1.2773094e-7
1.2779975e-7
1.2799829e-7
1.2883343e-7
1.2810058e-7
1.2780127e-7
1.2755498e-7
1.2757637e-7
1.2778172e-7
1.2849908e-7
1.2847455e-7
1.268441e-7
1.2815636e-7
1.2868539e-7
1.27241e-7
1.2805229e-7
1.2738263e-7
1.278788e-7
1.2769004e-7
1.2742133e-7
1.2702047e-7
1.2787568e-7
1.273233e-7
1.2637543e-7
1.2895399e-7
1.2816157e-7
1.291137e-7
1.2869177e-7
1.2805606e-7
1.2783352e-7
1.2850612e-7
1.2752521e-7
1.281652e-7
1.282091e-7
1.2732528e-7
1.2724882e-7
1.2772668e-7
1.2825016e-7
1.2823052e-7
1.2821593e-7
1.2781356e-7
1.2932064e-7
1.2807064e-7
1.2805704e-7
1.2812679e-7
1.2775705e-7
1.2740263e-7
1.271681e-7
1.278404e-7
1.2899478e-7
1.2836249e-7
1.2932938e-7
1.2889485e-7
1.2790555e-7
1.2842918e-7
1.2749909e-7
1.2771409e-7
1.2763415e-7
1.2840968e-7
1.2825456e-7
1.2800471e-7
1.2779525e-7
1.2804432e-7
1.2805134e-7
1.2672636e-7
1.271147e-7
1.2808727e-7
1.2859773e-7
1.2759789e-7
1.2695516e-7
1.2708968e-7
1.2836962e-7
1.2827196e-7
1.2838615e-7
1.285231e-7
1.2811472e-7
1.2743057e-7
1.2786155e-7
1.299661e-7
1.2909403e-7
1.286067e-7
1.2841262e-7
1.2799667e-7
1.2779999e-7
1.2809639e-7
1.2808722e-7
1.2849745e-7
1.2931663e-7
1.2797345e-7
1.28241e-7
1.2737654e-7
1.274517e-7
1.2906936e-7
1.2830692e-7
1.277035e-7
1.281538e-7
1.2881844e-7
1.2798536e-7
1.2793515e-7
1.2855604e-7
1.2846132e-7
1.2795174e-7
1.2865672e-7
1.2922803e-7
1.2831279e-7
1.2885917e-7
1.2854275e-7
1.2731766e-7
1.2834965e-7
1.2943828e-7
1.2724713e-7
1.2805806e-7
1.2903102e-7
1.2831168e-7
1.2885043e-7
1.2879737e-7
1.2918304e-7
1.2860146e-7
1.2841397e-7
1.2923742e-7
1.2919023e-7
1.281679e-7
1.2861804e-7
1.2804414e-7
1.2869997e-7
1.2950414e-7
1.2805928e-7
1.2889669e-7
1.2767707e-7
1.288608e-7
1.2816525e-7
1.2747942e-7
1.289623e-7
1.2846375e-7
1.2889316e-7
1.2917751e-7
1.2911006e-7
1.2790485e-7
1.2975187e-7
1.2913982e-7
1.2934977e-7
1.27687e-7
1.2902434e-7
1.2781666e-7
1.293901e-7
1.3013478e-7
1.284154e-7
1.2893769e-7
1.2869066e-7
1.287349e-7
1.281487e-7
1.2896955e-7
1.2954173e-7
1.2911173e-7
1.2817445e-7
1.2844264e-7
1.2834556e-7
1.2881434e-7
1.2861216e-7
1.2807973e-7
1.2862513e-7
1.2766681e-7
1.2913881e-7
1.2962695e-7
1.2807489e-7
1.2880834e-7
1.284603e-7
1.2831917e-7
1.2842708e-7
1.284337e-7
1.2884482e-7
1.2869396e-7
1.2793085e-7
1.2901027e-7
1.2794622e-7
1.2842807e-7
1.2863224e-7
1.2853712e-7
1.289933e-7
1.2883396e-7
1.2770298e-7
1.2862161e-7
1.2784038e-7
1.2685989e-7
1.2824258e-7
1.2936431e-7
1.2860947e-7
1.296422e-7
1.2827344e-7
1.2818859e-7
1.2949943e-7
1.2881893e-7
1.2813601e-7
1.287122e-7
1.282651e-7
1.2856722e-7
1.2905404e-7
1.2897293e-7
1.2918137e-7
1.2883154e-7
1.2933644e-7
1.2863106e-7
1.2818583e-7
1.285297e-7
1.283798e-7
1.295317e-7
1.2827105e-7
1.2934758e-7
1.284352e-7
1.2913807e-7
1.2904007e-7
1.2882688e-7
1.2812083e-7
1.2829408e-7
1.285457e-7
1.288698e-7
1.2843263e-7
1.277686e-7
1.2932688e-7
1.2935324e-7
1.2882936e-7
1.2850197e-7
1.288626e-7
1.2891117e-7
1.2870926e-7
1.2882516e-7
1.2846513e-7
1.2800773e-7
1.2880236e-7
1.2914546e-7
1.2876272e-7
1.2964252e-7
1.2872596e-7
1.2814034e-7
1.2898718e-7
1.2848642e-7
1.2980165e-7
1.2865367e-7
1.2849539e-7
1.2831916e-7
1.291491e-7
1.2898556e-7
1.2942508e-7
1.2897343e-7
1.2893614e-7
1.2816803e-7
1.2951789e-7
1.2956764e-7
1.2911336e-7
1.288406e-7
1.28513e-7
1.2918638e-7
1.2833314e-7
1.302253e-7
1.2872941e-7
1.2883919e-7
1.281908e-7
1.2934649e-7
1.2858963e-7
1.2944453e-7
1.2901195e-7
1.2852134e-7
1.2924654e-7
1.2837808e-7
1.2900435e-7
1.282061e-7
1.2898695e-7
1.2914202e-7
1.2907343e-7
1.2869782e-7
1.2962774e-7
1.2949305e-7
1.2882259e-7
1.2855827e-7
1.2858827e-7
1.2866283e-7
1.2866035e-7
1.3009306e-7
1.3037835e-7
1.2997612e-7
1.2905363e-7
1.2873286e-7
1.2897644e-7
1.284911e-7
1.2866488e-7
1.2951604e-7
1.288716e-7
1.2960301e-7
1.2965477e-7
1.2934166e-7
1.288685e-7
1.2858722e-7
1.291576e-7
1.2879018e-7
1.2895131e-7
1.3004312e-7
1.2927904e-7
1.2865715e-7
1.2942176e-7
1.2954715e-7
1.2869188e-7
1.2946242e-7
1.294926e-7
1.3047348e-7
1.3011224e-7
1.2859515e-7
1.2919224e-7
1.311227e-7
1.2967838e-7
1.2962319e-7
1.3048933e-7
1.2926505e-7
1.2999064e-7
1.2938524e-7
1.2921195e-7
1.2993652e-7
1.2906872e-7
1.3099093e-7
1.3053739e-7
1.305214e-7
1.300374e-7
1.3008982e-7
1.3031706e-7
1.2964477e-7
1.292952e-7
1.2959292e-7
1.2900189e-7
1.2979054e-7
1.298749e-7
1.2951544e-7
1.295273e-7
1.3027724e-7
1.2996074e-7
1.2983821e-7
1.2991748e-7
1.2988077e-7
1.3033508e-7
1.3032755e-7
