5.2602013e-7
2.828582e-7
2.6433779e-7
2.508057e-7
2.3866744e-7
2.3044338e-7
2.2424277e-7
2.1911683e-7
2.1636828e-7
2.1017443e-7
2.0771071e-7
2.0571346e-7
2.059067e-7
2.048416e-7
2.0395852e-7
2.0149288e-7
2.0118914e-7
2.0467388e-7
2.0103725e-7
2.0067725e-7
2.0201432e-7
1.9797933e-7
1.9893743e-7
1.996114e-7
2.0482186e-7
2.011955e-7
2.0194526e-7
2.0289364e-7
2.0361662e-7
2.0613643e-7
2.0416891e-7
2.0612354e-7
2.0534254e-7
2.092371e-7
2.0794896e-7
2.093953e-7
2.1339987e-7
2.1118524e-7
2.1502153e-7
2.1232722e-7
2.1653317e-7
2.1724985e-7
2.161021e-7
2.1705145e-7
2.1414284e-7
2.1494539e-7
2.1484736e-7
2.1524947e-7
2.1736957e-7
2.1385186e-7
2.139803e-7
2.135594e-7
2.136316e-7
2.1359354e-7
2.1397359e-7
2.1323613e-7
2.1606346e-7
2.1325774e-7
2.1107265e-7
2.1329886e-7
2.1009082e-7
2.1218199e-7
2.1094031e-7
2.0915574e-7
2.0798139e-7
2.0823302e-7
2.1031242e-7
2.1030843e-7
2.078111e-7
2.086994e-7
2.0787324e-7
2.0833883e-7
2.0855677e-7
2.0655577e-7
2.0732556e-7
2.1121235e-7
2.0533041e-7
2.0763413e-7
2.0668287e-7
2.0823751e-7
2.0389993e-7
2.052609e-7
2.064536e-7
2.0813512e-7
2.0303858e-7
2.0522243e-7
2.0253172e-7
2.0441549e-7
2.0303668e-7
2.042458e-7
2.0440055e-7
2.0457405e-7
2.02977e-7
2.020854e-7
2.044874e-7
2.0389272e-7
2.014905e-7
2.0112351e-7
2.0424403e-7
2.0046257e-7
2.011978e-7
2.0335682e-7
2.0293373e-7
2.0233249e-7
2.0023445e-7
2.0086705e-7
1.9909844e-7
2.0065957e-7
1.9864248e-7
1.9867058e-7
1.9984165e-7
1.9988224e-7
2.0100609e-7
1.9965495e-7
1.9873848e-7
2.0041612e-7
1.9962627e-7
1.9784967e-7
1.962794e-7
1.9829331e-7
1.994622e-7
1.9545061e-7
2.0014986e-7
1.9746896e-7
1.9775675e-7
1.9733707e-7
1.9496397e-7
1.9706212e-7
1.9477983e-7
1.9657142e-7
1.9583959e-7
1.9598153e-7
1.977417e-7
1.9541345e-7
1.9575337e-7
1.964323e-7
1.9845207e-7
1.9393593e-7
1.9766821e-7
1.92735e-7
1.952678e-7
1.9501286e-7
1.9479319e-7
1.9476566e-7
1.9569578e-7
1.9568884e-7
1.9475198e-7
1.9634341e-7
1.946268e-7
1.9313413e-7
1.9311379e-7
1.9437657e-7
1.9448221e-7
1.9357967e-7
1.9472986e-7
1.926624e-7
1.9092018e-7
1.9318402e-7
1.9346729e-7
1.92501e-7
1.9197105e-7
1.939788e-7
1.936247e-7
1.928533e-7
1.9073696e-7
1.9251877e-7
1.9086323e-7
1.9272458e-7
1.9249508e-7
1.8923856e-7
1.902741e-7
1.9289023e-7
1.9276378e-7
1.912521e-7
1.8975923e-7
1.9113075e-7
1.9075883e-7
1.9135173e-7
1.910653e-7
1.8913889e-7
1.903802e-7
1.924151e-7
1.9032838e-7
1.8903212e-7
1.9094756e-7
1.8992068e-7
1.8859753e-7
1.8915996e-7
1.9171631e-7
1.8809956e-7
1.8824899e-7
1.8730347e-7
1.8853262e-7
1.8744426e-7
1.8861249e-7
1.88639e-7
1.9024252e-7
1.8922698e-7
1.8899298e-7
1.8913333e-7
1.8594008e-7
1.8982261e-7
1.8916822e-7
1.8822622e-7
1.884587e-7
1.9074673e-7
1.8880826e-7
1.8763393e-7
1.891034e-7
1.8927732e-7
1.8664203e-7
1.8797098e-7
1.8944937e-7
1.8882565e-7
1.875115e-7
1.8660897e-7
1.8698478e-7
1.878289e-7
1.8520949e-7
1.8822057e-7
1.8687462e-7
1.8862187e-7
1.872853e-7
1.8562586e-7
1.8617666e-7
1.869488e-7
1.8470323e-7
1.8736743e-7
1.8613751e-7
1.8754268e-7
1.8854553e-7
1.8562847e-7
1.8620814e-7
1.8692192e-7
1.8715751e-7
1.861471e-7
1.8528753e-7
1.8560468e-7
1.8530112e-7
1.8433752e-7
1.8494494e-7
1.8388612e-7
1.8535782e-7
1.841454e-7
1.8327262e-7
1.8568566e-7
1.8512746e-7
1.8512415e-7
1.8629767e-7
1.8671176e-7
1.8577161e-7
1.8504024e-7
1.8374004e-7
1.8524753e-7
1.8433337e-7
1.8369921e-7
1.8386275e-7
1.8551583e-7
1.8474577e-7
1.8274024e-7
1.828019e-7
1.8374709e-7
1.8426927e-7
1.8420549e-7
1.8379724e-7
1.840328e-7
1.846763e-7
1.8273244e-7
1.843271e-7
1.8266073e-7
1.8445391e-7
1.8398912e-7
1.8347455e-7
1.8253671e-7
1.8352836e-7
1.8363016e-7
1.8439091e-7
1.8498031e-7
1.8161758e-7
1.8300494e-7
1.8255052e-7
1.8329642e-7
1.8065339e-7
1.8274619e-7
1.8199606e-7
1.8381834e-7
1.8354766e-7
1.8205297e-7
1.8094684e-7
1.8200373e-7
1.8097592e-7
1.8230283e-7
1.8420214e-7
1.8163576e-7
1.8117001e-7
1.8228195e-7
1.813289e-7
1.8098575e-7
1.8136478e-7
1.7988974e-7
1.819649e-7
1.820184e-7
1.8044348e-7
1.8288661e-7
1.8157074e-7
1.815411e-7
1.8225442e-7
1.7963906e-7
1.841156e-7
1.8167984e-7
1.8059531e-7
1.8057672e-7
1.813268e-7
1.7984301e-7
1.7943806e-7
1.7994387e-7
1.7992764e-7
1.7869839e-7
1.8213204e-7
1.8134625e-7
1.8284832e-7
1.7989043e-7
1.8021339e-7
1.7925514e-7
1.7930445e-7
1.8139471e-7
1.8025065e-7
1.7900572e-7
1.8041825e-7
1.8291513e-7
1.7990837e-7
1.791172e-7
1.7873558e-7
1.794251e-7
1.8276829e-7
1.7682098e-7
1.7916956e-7
1.7978775e-7
1.8081184e-7
1.7905684e-7
1.7951383e-7
1.8003423e-7
1.7760586e-7
1.7955503e-7
1.7826784e-7
1.8012271e-7
1.8080254e-7
1.7983625e-7
1.7809e-7
1.7848616e-7
1.7712716e-7
1.76951e-7
1.790375e-7
1.7978002e-7
1.7808145e-7
1.7973038e-7
1.8007955e-7
1.7809667e-7
1.7892067e-7
1.7902842e-7
1.7729894e-7
1.7756923e-7
1.7808546e-7
1.7848342e-7
1.7843888e-7
1.79296e-7
1.7781556e-7
1.7807194e-7
1.76841e-7
1.789222e-7
1.767935e-7
1.7856061e-7
1.7921097e-7
1.7876377e-7
1.7819191e-7
1.7912906e-7
1.7764842e-7
1.7867802e-7
1.7701454e-7
1.7928225e-7
1.7725934e-7
1.7667888e-7
1.8035016e-7
1.7633842e-7
1.7755588e-7
1.7727619e-7
1.7665892e-7
1.7623402e-7
1.7763183e-7
1.7727146e-7
1.7776209e-7
1.7762403e-7
1.765594e-7
1.7782658e-7
1.7654861e-7
1.7783357e-7
1.7707838e-7
1.7822978e-7
1.7826609e-7
1.7863195e-7
1.7755201e-7
1.7556732e-7
1.7718351e-7
1.7752542e-7
1.7639864e-7
1.7691215e-7
1.7691416e-7
1.7632826e-7
1.7722643e-7
1.7492306e-7
1.768931e-7
1.7566009e-7
1.7606965e-7
1.7652229e-7
1.7521833e-7
1.7590487e-7
1.7602282e-7
1.7681201e-7
1.7814652e-7
1.7695017e-7
1.7644275e-7
1.754029e-7
1.778254e-7
1.7684302e-7
1.7565687e-7
1.754638e-7
1.76193e-7
1.7331791e-7
1.7559844e-7
1.7751232e-7
1.7400785e-7
1.7695498e-7
1.7609827e-7
1.7669801e-7
1.7873217e-7
1.74893e-7
1.7453674e-7
1.7735205e-7
1.7602912e-7
1.7484466e-7
1.7689781e-7
1.7489165e-7
1.7562087e-7
1.7528959e-7
1.7508458e-7
1.7609574e-7
1.7572957e-7
1.7505941e-7
1.768055e-7
1.7506186e-7
1.7615572e-7
1.7700316e-7
1.7564967e-7
1.7582065e-7
1.751871e-7
1.7428263e-7
1.7587287e-7
1.7744887e-7
1.7318838e-7
1.7515438e-7
1.7506925e-7
1.752347e-7
1.7392972e-7
1.7588228e-7
1.7472644e-7
1.7577078e-7
1.7428196e-7
1.724233e-7
1.747582e-7
1.7623684e-7
1.7489074e-7
1.7564399e-7
1.7571163e-7
1.7596376e-7
1.7701295e-7
1.738128e-7
1.7275762e-7
1.7504836e-7
1.7455565e-7
1.7536918e-7
1.7583027e-7
1.751366e-7
1.7569606e-7
1.7372899e-7
1.7398472e-7
1.7418822e-7
1.743703e-7
1.7627211e-7
1.7522454e-7
1.7385331e-7
1.7450738e-7
1.7391405e-7
1.7336521e-7
1.7483234e-7
1.741749e-7
1.7578486e-7
1.7450294e-7
1.7643293e-7
1.7410213e-7
1.7298137e-7
1.761759e-7
1.7242678e-7
1.7379587e-7
1.737106e-7
1.7619313e-7
1.7203797e-7
1.7314596e-7
1.7444651e-7
1.7284603e-7
1.7458626e-7
1.7417571e-7
1.7155288e-7
1.7456229e-7
1.7431083e-7
1.7212128e-7
1.7480087e-7
1.7568317e-7
1.7365514e-7
1.7456483e-7
1.7343831e-7
1.739113e-7
1.7410923e-7
1.7554811e-7
1.7599373e-7
1.7439979e-7
1.7475605e-7
1.7779026e-7
1.743211e-7
1.7502467e-7
1.762311e-7
1.7456092e-7
1.7502312e-7
1.7452206e-7
1.7501523e-7
1.7399682e-7
1.7552078e-7
1.7401675e-7
1.759182e-7
1.7503054e-7
1.73671e-7
1.7302307e-7
1.7471467e-7
1.7330274e-7
1.7348601e-7
1.7301747e-7
1.7470269e-7
1.7416045e-7
1.7400916e-7
1.7621025e-7
1.7333414e-7
1.7389841e-7
1.7377992e-7
1.7280192e-7
1.7454651e-7
1.7491575e-7
1.7221379e-7
1.7537103e-7
1.7250787e-7
1.7329738e-7
1.7575093e-7
1.7542854e-7
1.7669684e-7
1.7245821e-7
1.7526996e-7
1.7403225e-7
1.7441731e-7
1.7237423e-7
1.735461e-7
1.731983e-7
1.728132e-7
1.7508461e-7
1.7533094e-7
1.752468e-7
1.7284937e-7
1.7349329e-7
1.7351327e-7
1.7374039e-7
1.7342246e-7
1.7414236e-7
1.747993e-7
1.7527168e-7
1.7358613e-7
1.7405088e-7
1.7547136e-7
1.7549351e-7
1.7367627e-7
1.7303991e-7
1.7431165e-7
1.7281283e-7
1.7234743e-7
1.7511462e-7
1.7320316e-7
1.7396806e-7
1.7458375e-7
1.7368603e-7
1.724335e-7
1.7471316e-7
1.7399229e-7
1.7038167e-7
1.7579944e-7
1.7388972e-7
1.7624951e-7
1.7315776e-7
1.7393639e-7
1.7407824e-7
1.7063687e-7
1.7333579e-7
1.7482643e-7
1.7320934e-7
1.7524395e-7
1.7242587e-7
1.7275657e-7
1.7416684e-7
1.737388e-7
1.7338192e-7
1.7153246e-7
1.7298106e-7
1.7463873e-7
1.7480852e-7
1.7371308e-7
1.7357684e-7
1.7369955e-7
1.7288686e-7
1.7314129e-7
1.7417736e-7
1.7415638e-7
1.756251e-7
1.7374431e-7
1.7487422e-7
1.7201324e-7
1.7351393e-7
1.7598435e-7
1.7582666e-7
1.7235017e-7
1.7428233e-7
1.721204e-7
1.7305906e-7
1.7328048e-7
1.7401808e-7
1.7288143e-7
1.7132724e-7
1.7225516e-7
1.7253903e-7
1.7102266e-7
1.732643e-7
1.7309895e-7
1.7364047e-7
1.7217732e-7
1.749887e-7
1.740414e-7
1.7443081e-7
1.7483559e-7
1.7352056e-7
1.730022e-7
1.7293252e-7
1.7210846e-7
1.7343845e-7
1.7446143e-7
1.746989e-7
1.7232638e-7
1.7303132e-7
1.7400187e-7
1.713685e-7
1.7336087e-7
1.7352053e-7
1.74066e-7
1.7453257e-7
1.7205141e-7
1.7146895e-7
1.7299526e-7
1.7303081e-7
1.7245802e-7
1.7215712e-7
1.7426409e-7
1.7244126e-7
1.7200047e-7
1.7237646e-7
1.7362137e-7
1.7175608e-7
1.7254331e-7
1.7214344e-7
1.7196572e-7
1.7257712e-7
1.7217643e-7
1.7217005e-7
1.7367566e-7
1.7401796e-7
1.7566859e-7
1.7402199e-7
1.7427378e-7
1.7453895e-7
1.7379305e-7
1.715928e-7
1.7489516e-7
1.7362424e-7
1.729078e-7
1.7188144e-7
1.7299732e-7
1.7243988e-7
1.7492044e-7
1.7303184e-7
1.7179592e-7
1.7194516e-7
1.7300523e-7
1.7056442e-7
1.7222412e-7
1.7191287e-7
1.738704e-7
1.7429346e-7
1.7252685e-7
1.7231885e-7
1.7292626e-7
1.7294808e-7
1.7254304e-7
1.732603e-7
1.7321629e-7
1.7426515e-7
1.7290621e-7
1.7325868e-7
1.7206946e-7
1.7184603e-7
1.723898e-7
1.7239041e-7
1.7168485e-7
1.7256428e-7
1.7246819e-7
1.7230553e-7
1.7327545e-7
1.7043958e-7
1.728453e-7
1.7245289e-7
1.7307121e-7
1.7317316e-7
1.710371e-7
1.7231156e-7
1.7153809e-7
1.7188492e-7
1.73864e-7
1.7307273e-7
1.7211495e-7
1.7165885e-7
1.7403059e-7
1.7244976e-7
1.711098e-7
1.7178928e-7
1.7234449e-7
1.712052e-7
1.7335333e-7
1.7276788e-7
1.7283193e-7
1.7379004e-7
1.7231459e-7
1.7134477e-7
1.7283476e-7
1.7502059e-7
1.7376887e-7
1.7411162e-7
1.722914e-7
1.7376621e-7
1.7197134e-7
1.7233752e-7
1.7173463e-7
1.7220256e-7
1.7302831e-7
1.71969e-7
1.7298755e-7
1.7185636e-7
1.7225604e-7
1.7256855e-7
1.7152354e-7
1.729585e-7
1.7179843e-7
1.715077e-7
1.7421661e-7
1.716375e-7
1.7109558e-7
1.7242687e-7
1.7116179e-7
1.7258533e-7
1.7340501e-7
1.7111701e-7
1.7417483e-7
1.7046858e-7
1.705711e-7
1.7310508e-7
1.713654e-7
1.7213863e-7
1.71618e-7
1.7055989e-7
1.721962e-7
1.70926e-7
1.7292317e-7
1.7437922e-7
1.7310488e-7
1.7113526e-7
1.748683e-7
1.7217226e-7
1.7225602e-7
1.717221e-7
1.7102218e-7
1.7147121e-7
1.6973944e-7
1.7180544e-7
1.7178274e-7
1.7147171e-7
1.7252826e-7
1.7331661e-7
1.6968596e-7
1.7258472e-7
1.7297945e-7
1.7207297e-7
1.7231953e-7
1.7274634e-7
1.7311334e-7
1.7249192e-7
1.7248253e-7
1.731484e-7
1.7231393e-7
1.7273497e-7
1.7177443e-7
1.7324491e-7
1.7091709e-7
1.717776e-7
1.7267801e-7
1.7146112e-7
1.7193248e-7
1.7166556e-7
1.7375737e-7
1.730941e-7
1.7224531e-7
1.7066597e-7
1.7223307e-7
1.6948138e-7
1.7170638e-7
1.7044765e-7
1.7027678e-7
1.7120128e-7
1.722972e-7
1.7214202e-7
1.7371478e-7
1.7103625e-7
1.7101888e-7
1.7045365e-7
1.7336208e-7
1.7001697e-7
1.7119058e-7
1.7252353e-7
1.7195256e-7
1.7297722e-7
1.6922066e-7
1.7180972e-7
1.7071844e-7
1.7144485e-7
1.725242e-7
1.7147305e-7
1.7258415e-7
1.7233128e-7
1.6991706e-7
1.7390914e-7
1.7138595e-7
1.7242596e-7
1.7061758e-7
1.7306758e-7
1.7108667e-7
1.7167166e-7
1.7197272e-7
1.7073253e-7
1.730948e-7
1.7028137e-7
1.7152342e-7
1.7268734e-7
1.6995101e-7
1.7116064e-7
1.7357856e-7
1.7180038e-7
1.7334347e-7
1.7218721e-7
1.7088959e-7
1.7067651e-7
1.7129463e-7
1.7188057e-7
1.7091743e-7
1.7191877e-7
1.7057697e-7
1.7364874e-7
1.7130773e-7
1.7112707e-7
1.7053515e-7
1.7097358e-7
1.7132231e-7
1.7014197e-7
1.7253952e-7
1.7207482e-7
1.7092826e-7
1.7196535e-7
1.7210068e-7
1.7285008e-7
1.7119447e-7
1.7237502e-7
1.7223842e-7
1.7041951e-7
1.7031624e-7
1.7097403e-7
1.7223194e-7
1.7109679e-7
1.714997e-7
1.730747e-7
1.7126001e-7
1.7292122e-7
1.6973974e-7
1.7252192e-7
1.6923039e-7
1.7066546e-7
1.720012e-7
1.7257615e-7
1.706415e-7
1.7338601e-7
1.7146088e-7
1.7007517e-7
1.6980374e-7
1.700533e-7
1.7059197e-7
1.7146806e-7
1.7024696e-7
1.7151513e-7
1.7120408e-7
1.718515e-7
1.706296e-7
1.7037821e-7
1.7357358e-7
1.7038182e-7
1.7201627e-7
1.7108904e-7
1.713322e-7
1.7156768e-7
1.7008587e-7
1.6968224e-7
1.710253e-7
1.7177761e-7
1.7118518e-7
1.7037083e-7
1.7114289e-7
1.688586e-7
1.713382e-7
1.7020565e-7
1.7292955e-7
1.6978014e-7
1.709414e-7
1.6949993e-7
1.7198225e-7
1.7127351e-7
1.6994804e-7
1.7298143e-7
1.7096619e-7
1.7247095e-7
1.6902402e-7
1.709891e-7
1.6954601e-7
1.6987077e-7
1.7055298e-7
1.7188124e-7
1.7196807e-7
1.7235219e-7
1.7123293e-7
1.7101672e-7
1.6977015e-7
1.7189316e-7
1.7278346e-7
1.6971177e-7
1.7090235e-7
1.7159132e-7
1.7160124e-7
1.7108077e-7
1.7000558e-7
1.7100943e-7
1.7059261e-7
1.709685e-7
1.7193858e-7
1.7052307e-7
1.7298932e-7
1.7147137e-7
1.7115465e-7
1.7088699e-7
1.7033707e-7
1.7027278e-7
1.7046678e-7
1.7137162e-7
1.704018e-7
1.7050627e-7
1.7148308e-7
1.7184892e-7
1.7001064e-7
1.7111748e-7
1.7207503e-7
1.7056513e-7
1.7103015e-7
1.6915646e-7
1.6903476e-7
1.7068145e-7
1.6916408e-7
1.6967918e-7
1.6963739e-7
1.7257912e-7
1.7212591e-7
1.7200489e-7
1.7210652e-7
1.7030293e-7
1.7041296e-7
1.7128121e-7
1.7103376e-7
1.7081877e-7
1.7122255e-7
1.7157804e-7
1.6979523e-7
1.6948856e-7
1.7112228e-7
1.6985464e-7
1.704398e-7
1.7118404e-7
1.7184365e-7
1.6920251e-7
1.695537e-7
1.7126143e-7
1.7059207e-7
1.7067316e-7
1.7004436e-7
1.703288e-7
1.7288194e-7
1.7071036e-7
1.703272e-7
1.7017746e-7
1.7181637e-7
1.7122554e-7
1.6892558e-7
1.6981413e-7
1.6939927e-7
1.7072672e-7
1.7097248e-7
1.701935e-7
1.706672e-7
1.6787097e-7
1.6930045e-7
1.7221278e-7
1.6956017e-7
1.7023939e-7
1.7079013e-7
1.7003515e-7
1.7111371e-7
1.7122323e-7
1.7257759e-7
1.7075331e-7
1.704485e-7
1.6987167e-7
1.718467e-7
1.6911332e-7
1.7035987e-7
1.6990529e-7
1.7009984e-7
1.701448e-7
1.7018353e-7
1.6917198e-7
1.712975e-7
1.7090795e-7
1.7125677e-7
1.701526e-7
1.7040253e-7
1.6960419e-7
1.7125188e-7
1.714342e-7
1.6954708e-7
1.713725e-7
1.7021473e-7
1.71014e-7
1.7138919e-7
1.7017959e-7
1.7078808e-7
1.6924751e-7
1.7182946e-7
1.7012806e-7
1.7009248e-7
1.6942852e-7
1.6912003e-7
1.7013662e-7
1.70024e-7
1.6864279e-7
1.6777918e-7
1.7026842e-7
1.7189342e-7
1.7043108e-7
1.7025741e-7
1.6988028e-7
1.7124368e-7
1.6918415e-7
1.6782542e-7
1.6970866e-7
1.70361e-7
1.6850484e-7
1.6895098e-7
1.6907059e-7
1.6935618e-7
1.7207248e-7
1.7058555e-7
1.7024507e-7
1.7076675e-7
1.7059375e-7
1.7120543e-7
1.7200279e-7
1.7090413e-7
1.7068754e-7
1.7126857e-7
1.691174e-7
1.7038835e-7
1.700468e-7
1.7054434e-7
1.7100464e-7
1.710646e-7
1.6891927e-7
1.6741065e-7
1.7222216e-7
1.6935303e-7
1.7004993e-7
1.6936494e-7
1.7153164e-7
1.6959747e-7
1.693115e-7
1.708861e-7
1.6881347e-7
1.7038136e-7
1.7088256e-7
1.7050584e-7
1.686828e-7
1.702554e-7
1.717445e-7
1.7030304e-7
1.7046202e-7
1.703351e-7
1.7072787e-7
1.6817883e-7
1.697586e-7
1.6899797e-7
1.675917e-7
1.7175348e-7
1.6725758e-7
1.7027014e-7
1.7035369e-7
1.704611e-7
1.7036658e-7
1.7129805e-7
1.6809432e-7
1.7075422e-7
1.7002347e-7
1.7070988e-7
1.7061365e-7
1.6993457e-7
1.703953e-7
1.6907734e-7
1.6838379e-7
1.710585e-7
1.6955252e-7
1.705823e-7
1.6941797e-7
1.718394e-7
1.6920886e-7
1.6919974e-7
1.6982223e-7
1.6762068e-7
1.697102e-7
1.7106497e-7
1.6876982e-7
1.7031239e-7
1.7027907e-7
1.698765e-7
1.6810286e-7
1.7179175e-7
1.6996368e-7
1.7009616e-7
1.6792806e-7
1.6948297e-7
1.696799e-7
1.6914396e-7
1.7134064e-7
1.6898524e-7
1.710301e-7
1.7001707e-7
1.6957864e-7
1.6852272e-7
1.7072092e-7
1.6938164e-7
1.6832877e-7
1.7015526e-7
1.6866993e-7
1.6854925e-7
1.710735e-7
1.691142e-7
1.7074541e-7
1.699511e-7
1.6732336e-7
1.7142084e-7
1.6875164e-7
1.7073927e-7
1.691606e-7
1.6972065e-7
1.6896412e-7
1.676648e-7
1.7105087e-7
1.7110096e-7
1.6968826e-7
1.6941148e-7
1.7035214e-7
1.6984548e-7
1.6737172e-7
1.6932776e-7
1.6929602e-7
1.7062963e-7
1.6671393e-7
1.6857199e-7
1.7117112e-7
1.7094133e-7
1.6904437e-7
1.683714e-7
1.6931736e-7
1.721524e-7
1.6910168e-7
1.7076783e-7
1.6935086e-7
1.6805481e-7
1.6719892e-7
1.6683902e-7
1.6690987e-7
1.6768188e-7
1.6994679e-7
1.694068e-7
1.6894805e-7
1.6830062e-7
1.6993108e-7
1.7041954e-7
1.6845046e-7
1.688847e-7
1.6892922e-7
1.7003006e-7
1.6972143e-7
1.6749935e-7
1.6872454e-7
1.6864682e-7
1.6784037e-7
1.6781478e-7
1.6846813e-7
1.6772438e-7
1.6796342e-7
1.6720044e-7
1.6852539e-7
1.6970114e-7
1.7027173e-7
1.6958498e-7
1.6756417e-7
1.7010225e-7
1.6716638e-7
1.67675e-7
1.6730931e-7
1.6871999e-7
1.6830475e-7
1.6608303e-7
1.7046777e-7
1.6540024e-7
1.6784846e-7
1.6790416e-7
1.6741248e-7
1.6806962e-7
1.6866174e-7
1.6903726e-7
1.6781763e-7
1.6874688e-7
1.6633335e-7
1.7030187e-7
1.6801177e-7
1.6894577e-7
1.7014698e-7
1.6782833e-7
