0.049533397
0.0806167
0.094983235
0.121072985
0.13999082
0.15842834
0.1677891
0.17738742
0.18736455
0.19948176
0.21596803
0.22827852
0.24119948
0.25140002
0.2611407
0.27644223
0.2868501
0.29546922
0.2943548
0.30558828
0.31556943
0.32393306
0.3350179
0.34426
0.354325
0.36455804
0.3715629
0.37368253
0.37376344
0.3731969
0.374067
0.3755334
0.37509692
0.37418664
0.37544742
0.3773348
0.37528837
0.3756255
0.37724042
0.3775394
0.37898576
0.37800327
0.37696147
0.37783656
0.37802827
0.37725782
0.37815905
0.3784805
0.37983507
0.37885988
0.379147
0.3787438
0.38073012
0.38074496
0.38300884
0.38235486
0.381424
0.38173467
0.38325933
0.38406402
0.3853738
0.38739732
0.3866013
0.3874314
0.3886675
0.3881616
0.390526
0.3891071
0.39099115
0.39145532
0.38965726
0.392567
0.3929978
0.393384
0.39260504
0.39441764
0.39442655
0.3946177
0.39428434
0.39551458
0.39402694
0.3961295
0.39621922
0.3951026
0.3974811
0.3991273
0.39720863
0.39619446
0.39786303
0.3975848
0.3999952
0.3996225
0.40069705
0.40100837
0.39999443
0.399438
0.399952
0.39969957
0.40110427
0.40252137
0.40194958
0.4033645
0.40291828
0.40379852
0.4039879
0.40381107
0.40318584
0.4042663
0.4054997
0.4062753
0.4064452
0.40657306
0.40718353
0.40627345
0.40797526
0.40843576
0.40832037
0.4061276
0.4080234
0.4093038
0.40798748
0.41046518
0.4102794
0.41019043
0.4114853
0.40961036
0.41013035
0.41166607
0.41125938
0.41375062
0.4116733
0.41196346
0.41422993
0.4139481
0.41265857
0.4119973
0.4133198
0.41427773
0.41427505
0.4144065
0.41453442
0.41556373
0.41551676
0.4150754
0.41441944
0.41439176
0.41618362
0.41536438
0.415033
0.4144443
0.41639164
0.41515404
0.416321
0.4167164
0.41619658
0.41757452
0.41632
0.4182007
0.417348
0.4181565
0.41814122
0.4178705
0.41696116
0.4174041
0.41778737
0.41801906
0.41644886
0.4174555
0.42022482
0.41761187
0.4185123
0.41881236
0.41967452
0.420044
0.4204967
0.41924796
0.42113602
0.41977322
0.41951674
0.4196168
0.42081374
0.4195056
0.41958568
0.42011455
0.4184515
0.4203631
0.41973898
0.41965985
0.42067647
0.41989756
0.42142957
0.42279452
0.41992313
0.4204393
0.42125702
0.423328
0.42083603
0.4213485
0.4227244
0.42148474
0.42280895
0.4216718
0.42162955
0.42245924
0.4230242
0.42215514
0.42358807
0.42188773
0.4221016
0.4217689
0.42358047
0.42193693
0.42222485
0.42422327
0.42486858
0.42209455
0.4246491
0.4213064
0.42218357
0.4233236
0.4249011
0.42442116
0.4225202
0.42311308
0.42379284
0.424271
0.4250525
0.42430463
0.42458773
0.4243912
0.42469966
0.42394438
0.4241659
0.42309004
0.42550907
0.42543757
0.42559594
0.42393833
0.42399517
0.4250836
0.42660892
0.42367902
0.42485866
0.42517978
0.4261453
0.4254591
0.42737225
0.4249368
0.42436895
0.42627618
0.42459938
0.4260051
0.42588243
0.424618
0.4264104
0.42760673
0.42758557
0.4273374
0.42648602
0.42819577
0.42804372
0.42733324
0.42783114
0.42663875
0.4272273
0.42545253
0.42820072
0.4274933
0.42837316
0.4271592
0.4278117
0.42778748
0.42858616
0.42718732
0.42847684
0.42780745
0.42872554
0.42895448
0.42820087
0.42820558
0.42715165
0.42865568
0.42816517
0.4274219
0.42700875
0.42863092
0.42776668
0.42920294
0.42735052
0.4292964
0.42988676
0.4267371
0.4272826
0.4280926
0.43010816
0.43077162
0.42787617
0.42970163
0.4285182
0.4284273
0.42997634
0.4295051
0.42997646
0.42931265
0.430852
0.43004057
0.4291292
0.42907324
0.43045944
0.43110037
0.4298356
0.43086877
0.4307103
0.43006274
0.43120265
0.4299061
0.4307605
0.43132287
0.42968073
0.43094262
0.4307956
0.4303093
0.43010083
0.43155423
0.43121713
0.42967746
0.4294586
0.4317408
0.4315939
0.43060395
0.4315522
0.43115065
0.431509
0.43291146
