0.5167726
0.48812652
0.48213026
0.47316444
0.4636892
0.46040446
0.45551357
0.45331675
0.45430264
0.4471878
0.44463044
0.45108274
0.45006168
0.44916236
0.44870862
0.44986883
0.44761893
0.4479272
0.44695076
0.4453187
0.44926453
0.4497898
0.44483137
0.44985464
0.44840568
0.44752255
0.45455113
0.45138234
0.44686234
0.45189402
0.44747
0.44773236
0.4467892
0.4474363
0.44786683
0.4487817
0.44674876
0.44694507
0.44730246
0.4464569
0.44806004
0.4454902
0.4451776
0.44727132
0.44685853
0.444372
0.44514373
0.44620413
0.44390216
0.44321412
0.44427487
0.44098783
0.44477326
0.4440615
0.4439145
0.44097444
0.44666076
0.4397791
0.4426238
0.44166347
0.44071183
0.4400485
0.4400687
0.44232687
0.4394606
0.4396624
0.43974906
0.44226673
0.4394839
0.43807966
0.44154108
0.43757364
0.44074172
0.43768102
0.43749097
0.4406005
0.43703863
0.43534517
0.43928236
0.43807262
0.43864635
0.43787804
0.43304682
0.4381974
0.43696147
0.4369142
0.4356013
0.43555447
0.43794942
0.43516967
0.43267402
0.4353821
0.4371904
0.4387167
0.43596664
0.43446285
0.43353018
0.43623143
0.43605965
0.43602455
0.43515295
0.43505746
0.43257686
0.43362743
0.43470466
0.43444434
0.43368044
0.43357623
0.43197408
0.43374258
0.431707
0.43463638
0.43279552
0.43291476
0.43124372
0.43140203
0.4318026
0.43117243
0.43668607
0.42850313
0.43255505
0.43370974
0.43223378
0.43290493
0.43270034
0.4317748
0.42963257
0.4308739
0.43171078
0.42861933
0.4295377
0.4325027
0.42860025
0.43406293
0.43091795
0.4303132
0.42940626
0.4306885
0.4320851
0.42945227
0.42984992
0.42610356
0.43371674
0.4307324
0.42606115
0.4302302
0.43121642
0.43172595
0.4302188
0.42821395
0.42963392
0.42983907
0.42980403
0.42679965
0.43039942
0.42717123
0.42943168
0.4289492
0.43056837
0.4281593
0.4314049
0.42994148
0.42898834
0.4263976
0.4274105
0.43007457
0.4275476
0.42941886
0.42808735
0.42670572
0.4275851
0.42971838
0.42977965
0.42613092
0.42797214
0.42829615
0.42804292
0.42772883
0.42822522
0.42737192
0.42642313
0.42777997
0.42776877
0.42864102
0.42588016
0.42709535
0.4262834
0.42614862
0.43155372
0.42464703
0.42614728
0.4284457
0.42926356
0.4255148
0.42843482
0.42838678
0.42604455
0.42628005
0.4262972
0.4236953
0.42869166
0.42645392
0.42911306
0.4259931
0.42861396
0.42842898
0.42382234
0.42681706
0.42486805
0.42657623
0.42490488
0.4272735
0.42759413
0.42753875
0.42626527
0.42448294
0.42511922
0.4282466
0.42679837
0.42621526
0.42588046
0.4268018
0.42636248
0.4241199
0.42400563
0.42395195
0.42725033
0.42504364
0.42724246
0.4271471
0.4262055
0.4252465
0.42636815
0.42446423
0.42625982
0.42439348
0.4241417
0.42477167
0.42755714
0.42605692
0.4237117
0.42296177
0.42753246
0.42623487
0.4245286
0.42322248
0.4269103
0.42402038
0.42631847
0.42477065
0.4244767
0.42425665
0.42558894
0.42554656
0.4255853
0.42359075
0.42445442
0.42527255
0.42532355
0.4261901
0.42701674
0.4251465
0.4241464
0.42106757
0.42423728
0.42743284
0.42404714
0.42260513
0.42385894
0.42405248
0.42469972
0.4230238
0.42619887
0.4231035
0.42459416
0.42240924
0.42360663
0.42407766
0.42458573
0.42523068
0.4241553
0.42324108
0.42431036
0.42306247
0.42526394
0.42324165
0.42381656
0.4233382
0.42287132
0.4229915
0.42505473
0.42463943
0.42451987
0.42489904
0.4226886
0.42326277
0.42372918
0.42750925
0.42424223
0.42255983
0.42226052
0.42046982
0.4218609
0.42325485
0.42263398
0.42385277
0.4252855
0.4213303
0.4233937
0.42422605
0.42346305
0.42416525
0.4228536
0.4225284
0.42484424
0.42229626
0.42350194
0.42199767
0.42204973
0.4225455
0.4229863
0.42332807
0.4221753
0.4218641
0.42557785
0.42334926
0.42221597
0.4219254
0.42556605
0.42283985
0.4219311
0.42018738
0.42190516
0.42441067
