1.0881112
1.0130466
0.98897445
0.9605109
0.9404982
0.9276063
0.9184186
0.9154689
0.9116446
0.9060684
0.9019489
0.90418875
0.9017125
0.903369
0.90029496
0.90200466
0.89825195
0.89806825
0.89643335
0.8962337
0.8994858
0.8997678
0.8961125
0.8967083
0.89891046
0.89896655
0.90148234
0.8985538
0.89693964
0.900854
0.89572513
0.8957084
0.8966126
0.8952346
0.89551115
0.8956929
0.89414287
0.8924855
0.89363337
0.8921392
0.8919833
0.892878
0.89187586
0.8897016
0.8929089
0.8885814
0.8900488
0.888637
0.8895939
0.887731
0.89003295
0.884802
0.88836503
0.88730097
0.886019
0.8853281
0.88743895
0.8832491
0.88468874
0.8844172
0.8808242
0.8816142
0.88184124
0.8844137
0.88134235
0.8799623
0.8817014
0.8808926
0.8795457
0.8768293
0.88199365
0.8772211
0.8808052
0.87685823
0.87731445
0.8788077
0.8768585
0.8767416
0.87690234
0.8766921
0.87561446
0.8776704
0.8731925
0.8766988
0.8744845
0.8743807
0.87398505
0.8732996
0.8768454
0.8755012
0.8714555
0.8728806
0.8724719
0.87357926
0.87134904
0.872164
0.871296
0.8744811
0.8715034
0.87198937
0.8705615
0.8708473
0.8701436
0.8711989
0.8680723
0.8705306
0.87163144
0.8682963
0.86950094
0.8680756
0.8667072
0.87026787
0.86880636
0.8686469
0.8664587
0.8663121
0.867133
0.86740637
0.8692556
0.8644456
0.86825246
0.8673517
0.865097
0.8667964
0.8670617
0.8663627
0.8637728
0.8649083
0.8644035
0.86455184
0.8638916
0.8645482
0.86234653
0.865661
0.8647404
0.8639597
0.86230737
0.86329657
0.8632593
0.862525
0.8620504
0.8611767
0.8647522
0.8627077
0.8580288
0.86398053
0.8621074
0.8620227
0.8639797
0.8621154
0.8605742
0.86276835
0.8630671
0.86132026
0.86192256
0.8585496
0.86080056
0.86064684
0.8630796
0.8599336
0.8610465
0.86155796
0.86214083
0.8586317
0.8597563
0.86136305
0.861502
0.8592343
0.8594658
0.8586895
0.8601971
0.86100316
0.8595171
0.8585975
0.8602101
0.861116
0.8579491
0.85871583
0.85873026
0.8568477
0.85680366
0.85901356
0.85922414
0.8619453
0.85869074
0.8576822
0.85865873
0.855962
0.8608311
0.8559424
0.8592133
0.8573696
0.8589766
0.8573473
0.8563627
0.85767287
0.85745454
0.8592071
0.8572546
0.8564224
0.85697705
0.85717016
0.8589174
0.85541505
0.8571094
0.85670453
0.8562263
0.85747224
0.8568129
0.8576775
0.85607564
0.8566272
0.8570429
0.85533214
0.857578
0.85511667
0.8556043
0.8575634
0.8558202
0.85521334
0.8551241
0.8559862
0.85613954
0.8551508
0.8544837
0.85455936
0.8579891
0.8530498
0.8550146
0.856161
0.85502815
0.8559655
0.8558155
0.85357535
0.855155
0.85304826
0.8528622
0.85542643
0.85628957
0.85425097
0.8541085
0.85323393
0.8556443
0.8549276
0.85435045
0.85222936
0.85354614
0.8541404
0.85581255
0.85396886
0.8551068
0.8526101
0.8546481
0.8544699
0.8542371
0.85241497
0.85466695
0.8531736
0.854274
0.8541765
0.8540985
0.85411423
0.851896
0.8518969
0.8525953
0.85595554
0.85312307
0.8506289
0.8528
0.8549866
0.8514372
0.85322565
0.8538202
0.8502193
0.8533698
0.8513829
0.8504231
0.849316
0.8536105
0.8523789
0.8550731
0.851446
0.8554147
0.85247326
0.85210025
0.8509597
0.8504997
0.85097593
0.85098964
0.85291004
0.8515234
0.8541385
0.8546287
0.85035634
0.85330856
0.85030025
0.85185766
0.85263383
0.85210127
0.84983677
0.8510777
0.85038656
0.8484548
0.85226506
0.8499777
0.8518313
0.85408187
0.85054064
0.8498321
0.851118
0.8510197
0.8525518
0.85022515
0.84999657
0.85013074
0.8497946
0.85425055
0.84944135
0.85071063
0.85093063
0.84892124
0.8516006
0.85104185
0.8502253
0.850759
0.8506423
0.8515704
0.8480411
0.8509295
0.8502325
0.85233265
0.84836966
0.8515113
0.8502824
0.8504871
0.8512661
0.8489641
0.8505255
0.85080385
0.8489494
0.8490004
0.8521983
0.8494977
0.8497714
0.84740955
0.8508319
0.8476797
0.8488552
0.8505233
0.8510921
0.8467769
0.85005784
0.85047746
0.84941953
0.8496727
0.8481421
0.84965384
0.8476275
0.8500166
0.8504864
0.847683
0.84869283
0.8510582
0.84849226
0.8493722
0.8484292
0.84853274
0.8485197
0.84931195
0.84962374
0.8491738
0.84798014
0.84862983
0.8485909
0.8476467
0.84502935
0.8505349
0.84692794
0.8494786
0.85041976
0.84681076
0.84946954
0.85059226
0.84833217
0.8469342
0.8485763
0.84782195
0.8483575
0.84787434
0.8485384
0.849485
0.8478401
0.8472785
0.84712696
0.8496394
0.8481812
0.8466779
0.84931403
0.8474947
0.8478037
0.84825784
0.8481309
0.8482859
0.8484495
0.8475586
0.8454797
0.84953636
0.8463622
0.8479866
0.8486509
0.84579694
0.84622276
0.8485351
0.84839976
0.8473688
0.8479873
0.8460973
0.8476445
0.84601676
0.84932685
0.84774446
0.84544706
0.8485594
0.84659725
0.8463766
0.84573406
0.84826493
0.8468711
0.84621006
0.8486854
0.8439945
0.8460894
0.8490293
0.84761333
0.8473885
0.84674025
0.8469277
0.8454234
0.84655064
0.84753656
0.84600604
0.8472599
0.84769976
0.8473529
0.8472876
0.84678483
0.8476268
0.84524244
0.8449785
0.84814584
0.84630543
0.8477043
0.8441624
0.84893745
0.8441765
0.8451519
0.84667754
0.8447974
0.84693897
0.8480334
0.84460205
0.84485644
0.84630084
0.8462202
0.8476354
0.8464493
0.84313387
0.84855396
0.845126
0.8473352
0.8433144
0.8451885
0.84549147
0.84981257
0.84525865
0.8476431
0.8456153
0.8461924
0.8444447
0.8455369
0.84652513
0.84486645
0.84382915
0.8467738
0.84661496
0.84831184
0.842606
0.8441503
0.846809
0.8450008
0.8455094
0.84553593
0.8470889
0.8448712
0.84440863
0.84665334
0.8452964
0.8432142
0.84474033
0.84506744
0.84882146
0.8453041
0.84581983
0.84499365
0.8443279
0.8437571
0.84596354
0.84360284
0.8465385
0.8436022
0.8457497
0.8461232
0.8440507
0.8444592
0.8449203
0.84507513
0.846723
0.8445764
0.8448832
0.844389
0.8441409
0.84615403
0.8443638
0.8435968
0.84415686
0.8446022
