0.027792247
0.0052588237
-0.0004949211
-0.0022784167
-0.002760013
-0.002595586
-0.0017570965
-0.0012672541
-0.00149469
-0.0006894601
-0.0005570425
-0.0009902882
-0.0009430481
-0.00073441723
-0.0008838133
-0.00038883905
-0.00043288324
-0.00025451306
-0.00034510944
-5.400826e-5
-0.0002165898
-1.4414757e-5
-0.0002538658
-0.00015235007
-0.00041694666
-0.0002803253
-0.0001395285
3.483847e-5
-0.00015142596
-0.00017852252
-0.00027429307
8.8727655e-5
7.396334e-5
-0.00029796097
2.2688198e-5
-0.00038187785
-0.00016573447
-0.00023290719
-0.00017474387
-0.00014849115
-0.0001914687
-0.0003299886
1.3998151e-5
-2.5621473e-5
-5.7371304e-5
1.7407239e-6
0.00023529056
-0.000113866045
4.7413152e-5
-1.8621336e-5
0.0003217131
-3.855703e-5
9.861503e-5
-2.7985889e-5
8.274086e-5
-0.0002173524
0.00015143135
-2.8759783e-5
-5.5150667e-5
-0.00023763816
-9.34401e-5
-0.00019272223
-0.0001288602
0.00013144371
1.0311693e-5
-0.00011756559
-0.0001953675
-0.00023732534
9.594973e-5
4.7914036e-5
-0.00013955227
0.00026735532
3.0262698e-5
-8.0173464e-7
-0.00015789505
-0.00011743319
-9.991269e-5
-0.000104027364
0.00032426848
5.613829e-5
0.0002131244
7.618257e-5
-0.00024891034
-7.9272955e-5
3.8732378e-5
-0.00011300966
9.2346076e-5
-2.222661e-5
0.00012737086
-1.5484586e-5
0.00014732535
-0.00017475658
-0.00012348194
-0.00013980671
-7.461924e-5
-0.00010495763
-4.032567e-6
-0.0001720123
0.00015460495
1.4558293e-5
-8.295288e-5
7.921247e-5
-0.00013610661
0.0001501592
-8.104315e-5
-0.00011601992
-2.2701915e-5
-0.0002220814
1.481827e-5
-0.00010063563
4.6898035e-6
4.2227603e-5
-0.00017367142
0.00023048106
7.597411e-5
-9.201366e-5
-5.5603334e-5
3.3784043e-5
-0.0001466231
0.00013685256
-0.00017757586
-8.141735e-5
-0.00028951772
-0.000111094996
0.00027998703
0.00013242308
-9.119082e-5
-0.00012081668
0.00022114882
7.7754805e-5
2.7389538e-5
4.7937305e-5
2.0441756e-5
-0.00025541754
4.235746e-5
3.070266e-5
6.328931e-5
-0.00016969923
-9.7350334e-5
5.241856e-7
-5.4239048e-5
5.6320355e-6
0.0001752694
-9.253911e-5
-0.00019843897
1.3126492e-5
3.4755318e-5
-5.916448e-5
7.194279e-5
-0.0002258471
1.16821376e-7
0.00016787823
-0.00011282119
4.4475062e-5
-3.790939e-5
-6.6432964e-5
-0.0001647104
4.6659676e-5
0.00013250903
0.00021084747
-0.00018355619
0.00018372748
8.757525e-5
-2.6026026e-5
-0.00023054275
0.00018208481
0.00016992386
-8.967778e-5
-2.2611268e-5
-0.00021717155
-0.00030636377
-9.189184e-5
-4.4683897e-5
-0.00014917407
-0.0002167194
-6.8053385e-5
3.29234e-5
7.890305e-5
-0.00018037188
-0.00030360784
0.00014997214
5.3987646e-5
0.00010832259
-2.8388042e-5
0.00013851922
6.72752e-5
-0.0001824357
-6.75533e-5
0.00014790194
0.0001310679
-0.00017815206
-0.00013452969
-0.0003376167
0.00012384006
-0.00025011864
1.974795e-5
1.0497257e-5
-0.00021394673
0.00010973207
-5.7905168e-6
-0.00016970697
4.4222692e-5
1.6644739e-5
4.5350946e-5
-0.00014526246
-3.8000966e-5
-0.00011070541
-0.0001764864
8.523555e-5
-0.00010454962
7.581363e-5
2.6084155e-5
-0.00016366424
-2.6467733e-5
4.8483205e-5
0.00027820285
-0.0003614263
-9.292451e-5
8.7030705e-5
-0.000115012685
-0.00012641797
-3.5436228e-6
-0.00015623673
1.3398431e-5
-0.00010322357
-3.8760252e-5
-9.2715476e-5
1.4865637e-5
0.00012340059
0.00011660901
0.00011222373
8.463723e-5
-0.00013280987
-0.00017270209
-0.00010417434
-0.0001225771
8.5598724e-5
3.918057e-5
-6.522019e-5
-4.2685668e-5
-0.00012824958
-0.00029342444
-0.00015046696
-0.0001397754
-6.224564e-5
6.736066e-5
-0.00016059616
-0.0001519656
-3.7019654e-5
-3.3582666e-5
-0.00011272593
1.3018087e-5
2.104167e-6
8.252552e-5
-0.00020103251
0.0001662912
-4.71036e-5
0.000300265
-0.0001110192
-0.000107922686
0.00024025002
-5.8426456e-5
-0.00022183325
-8.1547725e-5
-4.382328e-5
-0.00023780519
0.000100959376
-0.00012009486
-0.00016367226
0.00012110484
-3.6561083e-5
-7.462847e-5
-2.023653e-5
-0.00014541269
-0.00013419094
0.0002464643
-0.00012958955
-0.00010944272
5.1329494e-5
-1.0413005e-5
-7.968585e-5
7.4886157e-6
-4.1853025e-5
-0.00038052283
0.00011209111
-4.646897e-5
-0.00016105393
-4.245485e-5
-0.00014871146
5.373043e-5
1.36443e-5
2.1397525e-5
-8.65138e-5
-0.00012001766
-2.5208012e-5
8.4316765e-5
-6.915762e-5
0.00024256483
4.6270383e-5
-0.00017751068
-0.00022819909
-0.00022895691
1.2771323e-5
3.3554537e-5
0.00025829385
-9.993985e-5
0.00032209724
-8.6064276e-5
-5.4946715e-5
-0.00019830707
-0.00013788749
0.0002455367
-6.6300614e-5
1.4236272e-6
-0.00023868117
-0.00022936336
0.00015338883
-0.00017506853
4.957796e-5
7.4041025e-5
-0.00015169616
-6.030512e-5
-2.7856864e-5
-0.00013554764
-8.237615e-5
-6.76386e-5
5.408913e-5
9.261943e-5
1.3597511e-5
-1.9928046e-5
-0.00012954121
-5.6855715e-6
-5.7874346e-5
-2.3362416e-5
