-0.9618904
-0.55716616
-0.39853644
-0.36994532
-0.33924133
-0.29538816
-0.2679635
-0.24887829
-0.23315205
-0.22408688
-0.21231964
-0.20672695
-0.20188941
-0.19567026
-0.19044827
-0.18452653
-0.18066937
-0.1766546
-0.17776611
-0.17501886
-0.17222059
-0.16856058
-0.16704172
-0.16373493
-0.15937485
-0.15747489
-0.15495417
-0.1545476
-0.15469593
-0.15444165
-0.15464117
-0.15543422
-0.15531452
-0.15480736
-0.15523297
-0.15590857
-0.1554404
-0.15533304
-0.1559918
-0.15622717
-0.15690099
-0.15661235
-0.1559275
-0.15637295
-0.15661785
-0.15593937
-0.15633012
-0.15662315
-0.15694611
-0.15681912
-0.15681829
-0.15681224
-0.15756573
-0.15751195
-0.15840332
-0.15834281
-0.15761061
-0.15808214
-0.15845624
-0.15882862
-0.15952685
-0.16040252
-0.16010171
-0.16024774
-0.16082214
-0.16064933
-0.1616674
-0.16120899
-0.16173625
-0.16179675
-0.16133776
-0.16222104
-0.16284162
-0.16278729
-0.1624116
-0.16309144
-0.16351509
-0.1634255
-0.16341741
-0.16392975
-0.16280575
-0.16371277
-0.16444805
-0.16344164
-0.16476886
-0.1652313
-0.16421372
-0.16395968
-0.164314
-0.16462691
-0.16573179
-0.16534698
-0.16594653
-0.16601057
-0.16572098
-0.16560742
-0.16548803
-0.16552788
-0.16599135
-0.16667885
-0.16639246
-0.16689035
-0.16681308
-0.16700368
-0.16720793
-0.16706464
-0.1668214
-0.16718954
-0.1677296
-0.16805856
-0.16836447
-0.16824877
-0.16842513
-0.16806659
-0.16886324
-0.169203
-0.16888192
-0.1681809
-0.168709
-0.16953537
-0.1685925
-0.16989456
-0.16971162
-0.16973631
-0.17032818
-0.16982353
-0.16994776
-0.17019667
-0.17026837
-0.17100906
-0.17059469
-0.17028497
-0.1714419
-0.17164879
-0.17079276
-0.17056103
-0.17084405
-0.17147769
-0.17133299
-0.17114256
-0.17151426
-0.17232834
-0.1717573
-0.17197433
-0.17171521
-0.17158514
-0.17216547
-0.17213784
-0.17169903
-0.17152101
-0.17205904
-0.17207971
-0.17231253
-0.17245783
-0.17220658
-0.17261063
-0.1723137
-0.17342776
-0.17268991
-0.17301008
-0.1732875
-0.17280498
-0.17262548
-0.17269985
-0.17297992
-0.17304148
-0.17249341
-0.17256555
-0.17386916
-0.17300831
-0.1730821
-0.17324969
-0.17357868
-0.17373613
-0.17403522
-0.17381552
-0.17400536
-0.17378417
-0.17353345
-0.17389001
-0.17407355
-0.17364608
-0.1736121
-0.17386602
-0.17313424
-0.174261
-0.17352201
-0.1735169
-0.17407699
-0.1737857
-0.17435849
-0.17486037
-0.17397247
-0.17391916
-0.17444646
-0.17525126
-0.17381006
-0.17442307
-0.17506601
-0.17424896
-0.17506975
-0.17463174
-0.17443246
-0.17505223
-0.17485687
-0.17440118
-0.17545398
-0.17471258
-0.17451078
-0.17470859
-0.17517982
-0.17454343
-0.17479339
-0.17566161
-0.17557567
-0.17494822
-0.17532046
-0.1743328
-0.17458476
-0.17515217
-0.17568627
-0.17570508
-0.17511952
-0.1749379
-0.17569901
-0.17544161
-0.17590338
-0.17571683
-0.17539492
-0.17586187
-0.17577153
-0.17534438
-0.1754991
-0.17477329
-0.17606036
-0.17603756
-0.17626397
-0.17565396
-0.17532313
-0.17601115
-0.1763219
-0.1752937
-0.17565727
-0.17617874
-0.17637391
-0.17613302
-0.1769434
-0.17566092
-0.17563522
-0.17635113
-0.17599876
-0.17605396
-0.17611174
-0.17572989
-0.17672637
-0.1771232
-0.17679887
-0.17706804
-0.17639953
-0.17731561
-0.17732562
-0.17664568
-0.17693855
-0.17659542
-0.17683117
-0.1765134
-0.17716247
-0.17703845
-0.17728397
-0.17666067
-0.17682791
-0.17702727
-0.17721114
-0.176789
-0.17759953
-0.17669772
-0.17751406
-0.17736532
-0.17750557
-0.17728491
-0.1766961
-0.17725477
-0.17728569
-0.17692266
-0.17654596
-0.1773596
-0.17696308
-0.17762229
-0.1769893
-0.17764346
-0.17799194
-0.17671831
-0.17687152
-0.17716026
-0.17789207
-0.17815682
-0.17734018
-0.17776276
-0.17732117
-0.17731284
-0.17781766
-0.1779492
-0.17800076
-0.17784835
-0.17822903
-0.17780304
-0.17810886
-0.17794286
-0.17798737
-0.1782114
-0.17788608
-0.17830695
-0.17812778
-0.17798081
-0.17849377
-0.17777395
-0.17805676
-0.1785477
-0.17770718
-0.17831026
-0.17824174
-0.17794529
-0.17824565
-0.17844175
-0.17850631
-0.1781377
-0.17766406
-0.17878601
-0.1785255
-0.17838071
-0.17833002
-0.1786421
-0.1786984
-0.17908636
