1.216492
0.95044464
0.89960265
0.821025
0.7716893
0.7301025
0.709061
0.70098484
0.6897232
0.6800727
0.67478853
0.67765534
0.6763854
0.6750907
0.67378825
0.6764115
0.6755838
0.6775831
0.6702456
0.66888773
0.67686397
0.6778486
0.673769
0.6763267
0.68395
0.68444026
0.68911904
0.6868094
0.68318397
0.6850708
0.67837703
0.67597276
0.67560476
0.6752863
0.6721906
0.67296165
0.67006385
0.66959983
0.6710769
0.66653514
0.6650666
0.6659076
0.6624389
0.6626491
0.6634292
0.66061765
0.65921736
0.6571381
0.6581057
0.65664315
0.6582121
0.6499454
0.65382636
0.65147835
0.64954346
0.6480482
0.6490945
0.6442632
0.64714277
0.645278
0.63878345
0.63801116
0.63802993
0.64384145
0.6392855
0.63382757
0.63594157
0.6354177
0.6338711
0.6293621
0.63711905
0.62732494
0.6322023
0.6282871
0.62612003
0.63153845
0.6275074
0.62651485
0.626129
0.62438613
0.6263021
0.62591225
0.62021106
0.6243836
0.6221849
0.6211138
0.6186413
0.618832
0.62617207
0.62058014
0.61635476
0.61737967
0.61938065
0.6189974
0.6176415
0.6171919
0.6147741
0.61875755
0.610989
0.615271
0.6143716
0.61218566
0.61155623
0.6115843
0.60849404
0.6100308
0.61258334
0.6092209
0.61073995
0.60852194
0.60505855
0.61002034
0.60949427
0.60528886
0.6053908
0.60445917
0.60245615
0.60619825
0.6089993
0.6011892
0.60448784
0.6022771
0.6015944
0.6063612
0.6016161
0.60174495
0.59943604
0.60103667
0.6013884
0.5991237
0.5984324
0.59925437
0.59535724
0.6003686
0.5996504
0.59701717
0.5944706
0.595643
0.5964124
0.5963261
0.593898
0.5917276
0.59884685
0.59193164
0.5895242
0.59633803
0.59382945
0.5942108
0.595308
0.59049106
0.5907942
0.59466654
0.5936142
0.59300995
0.59291536
0.58658963
0.5914801
0.59097755
0.5930024
0.58937246
0.58980936
0.5908676
0.59247375
0.58581436
0.5873489
0.58946735
0.59170926
0.58822894
0.58958095
0.5858591
0.5873345
0.589267
0.58799803
0.587286
0.5892029
0.5894561
0.5847506
0.58634835
0.5870787
0.5832256
0.58574677
0.58749086
0.5882939
0.5869321
0.5851419
0.5845567
0.5856198
0.5807767
0.5888031
0.5840459
0.5859255
0.583161
0.58201945
0.5813896
0.5830192
0.58362687
0.5822043
0.5855825
0.5796774
0.579686
0.58216083
0.58423585
0.58465135
0.5805521
0.5818913
0.5807447
0.58058316
0.5821797
0.58154744
0.5810138
0.5788235
0.581485
0.58262
0.5783211
0.5812206
0.577573
0.5801852
0.58258235
0.57909256
0.57657313
0.5789662
0.581772
0.5789867
0.57765615
0.57624036
0.5783856
0.5809694
0.5744127
0.5785382
0.5789684
0.5762731
0.57703036
0.5790327
0.577078
0.57749426
0.5755524
0.57516456
0.57634646
0.5783851
0.57483685
0.57463056
0.5757016
0.57921344
0.57748693
0.5746153
0.5721083
0.5749358
0.57535183
0.57801133
0.5743383
0.5747519
0.57500225
0.57345235
0.57526547
0.57417077
0.5724959
0.57698387
0.57432777
0.5721533
0.57349193
0.5747115
0.5757738
0.5702218
0.5713125
0.572479
0.5763087
0.5733312
0.5688735
0.57103527
0.573822
0.57019615
0.5715137
0.5734308
0.56986517
0.5724303
0.57063574
0.5679878
0.56678927
0.5727763
0.5733734
0.5748515
0.5687994
0.5746065
0.5705135
0.5688833
0.5694504
0.57024044
0.56705713
0.5696701
0.57120776
0.56945825
0.5730434
0.5723273
0.5681239
0.5698842
0.56740063
0.5718601
0.5710984
0.57015693
0.5671601
0.5674552
0.5669025
0.56531405
0.5709662
0.566333
0.5695827
0.5710768
0.5659943
0.5667593
0.57037985
0.5669788
0.56978846
0.56590074
0.56777567
0.567087
0.5666351
0.5716407
0.56686264
0.5663459
0.5667691
0.56545407
0.56896514
0.5695184
0.5653552
0.5674482
0.56588274
0.5681924
0.5626164
0.56513655
0.56627303
0.5694579
0.5644808
0.56536865
0.5654473
0.56610763
0.56774944
0.56342447
0.5665449
0.5655625
0.5653672
0.56447136
0.5685504
0.5620297
0.5653635
0.5632581
0.5670994
0.5610033
0.56377256
0.5671947
0.566362
0.56224
0.564805
0.5624272
0.5663317
0.56659216
0.5617336
0.56550425
0.5641267
0.5640046
0.5645865
0.5619336
0.56383014
0.56415385
0.5647389
0.56329
0.5615546
0.5623094
0.56313825
0.5630102
0.5664756
0.56141716
0.56160104
0.5625615
0.56473535
0.56415594
0.55754495
0.56455684
0.5620256
0.56180614
0.5658624
0.55916137
0.5633775
0.56506085
0.5630992
0.5611884
0.5620162
0.5602399
0.5614681
0.5624575
0.5622582
0.56375104
0.5592196
0.5599859
0.5598411
0.56374294
0.5616507
0.56038105
0.5610427
0.5609681
0.56132495
0.56146276
0.56010437
0.562238
0.56244874
0.558541
0.5566408
0.56403
0.5581723
0.5597198
0.56114763
0.55754906
0.55986434
0.5633133
0.5606407
0.557258
0.56063056
0.5557614
0.56006825
0.55929756
0.5606337
0.5604749
0.5582763
0.56138647
0.558224
0.55871576
0.55712014
0.56097597
0.5563811
0.5596204
0.5603008
0.55482316
0.55704415
0.56104326
0.55979
0.56003267
0.55892754
0.55558836
0.55616444
0.55862707
0.55965984
0.55963105
0.5571666
0.56070966
0.5584327
0.55851096
0.5571194
0.55823904
0.55690974
0.55580086
0.5604117
0.5578221
0.55847937
0.5533645
0.56079507
0.55756426
0.5559048
0.55796975
0.55465853
0.557379
0.55900556
0.55448765
0.55535567
0.55651075
0.55664635
0.5590688
0.556124
0.5531435
0.5593128
0.5550298
0.5583471
0.5540892
0.55344313
0.55632347
0.56128913
0.5551076
0.5573892
0.5537846
0.5566491
0.5566548
0.55642486
0.55561715
0.5546856
0.55221957
0.5581241
0.55622745
0.55705833
0.55407506
0.55175227
0.5557582
0.5549221
0.55669874
0.555032
0.5589563
0.5549457
0.55278635
0.55498457
0.55439615
0.55289376
0.55411714
0.5554606
0.55990905
0.55377597
0.5557577
0.55337054
0.5525675
0.5537547
0.55468076
0.5505522
0.5562989
0.55319047
0.5561853
0.5559311
0.55248463
0.55435747
0.5544629
0.55274487
0.55541366
0.55409276
0.55391514
0.5523437
0.5526514
0.55560505
0.55158097
0.5518249
0.55212283
0.5530292
