2.8213758
2.4516156
2.3707001
2.2547014
2.175875
2.1181173
2.0829895
2.069771
2.0556712
2.0333297
2.021363
2.0329297
2.028162
2.0276198
2.022791
2.0282862
2.0214536
2.023575
2.0136294
2.0104377
2.025614
2.0274055
2.0147116
2.0228915
2.0312686
2.0309281
2.045153
2.0367472
2.0269873
2.0378182
2.0215712
2.019413
2.0190063
2.017957
2.0155678
2.0174394
2.0109549
2.009034
2.0120127
2.005132
2.0051095
2.004276
1.9994957
1.9996215
2.0031989
1.9935719
1.9944099
1.9919826
1.991604
1.9875882
1.9925168
1.9757377
1.9869651
1.9828386
1.9794767
1.9743503
1.9831969
1.967289
1.9744515
1.9713598
1.9603198
1.9596745
1.9599384
1.9705828
1.9600887
1.9534534
1.9573917
1.9585742
1.9529063
1.9442734
1.9606518
1.942123
1.9537537
1.9428276
1.9409231
1.9509465
1.941407
1.9385996
1.9423152
1.9391508
1.9405648
1.9414622
1.9264513
1.9392803
1.9336337
1.9324125
1.9282296
1.9276885
1.9409624
1.9312508
1.9204847
1.9256438
1.9290463
1.9312943
1.9249556
1.9238195
1.9196022
1.9294713
1.9185519
1.9232851
1.9200795
1.9180893
1.9142759
1.9164078
1.9112698
1.9150054
1.9178934
1.9110948
1.9122117
1.9103365
1.9034725
1.9149274
1.9110962
1.9068521
1.9030946
1.902176
1.901395
1.9047759
1.9149383
1.8941399
1.9052942
1.9033408
1.8989247
1.9060612
1.9013772
1.8998806
1.892846
1.8968189
1.8975029
1.8922951
1.8918618
1.8963039
1.886304
1.900092
1.8953093
1.8912892
1.8861811
1.8896272
1.8917556
1.8883017
1.8857993
1.8790095
1.8973188
1.8853694
1.8736148
1.8905498
1.8871527
1.8879582
1.8895059
1.8808184
1.8810014
1.8872705
1.8864832
1.8811283
1.8852367
1.8723121
1.881712
1.8805752
1.8866498
1.8774674
1.8822603
1.8823618
1.8836063
1.8708427
1.8745185
1.8809055
1.880758
1.8768818
1.8771356
1.8712533
1.8751123
1.8799855
1.8772925
1.8720154
1.8773874
1.8788673
1.8707407
1.8727962
1.8740356
1.8674442
1.8689711
1.8742869
1.8752881
1.8775185
1.8697137
1.8693354
1.8705591
1.8628879
1.8811878
1.8646324
1.8712851
1.8689768
1.8702606
1.864252
1.8678157
1.869688
1.8657025
1.8710694
1.8632331
1.8598037
1.8678282
1.8678583
1.872679
1.8619608
1.8676132
1.8658782
1.860632
1.8664705
1.8632289
1.8652666
1.8598031
1.8653866
1.8672559
1.861187
1.8650635
1.8571739
1.8609061
1.8683978
1.861712
1.8580031
1.8599703
1.8645602
1.8614901
1.8569256
1.8547281
1.8568985
1.8662069
1.8525054
1.8607945
1.8622764
1.8575075
1.8582416
1.8612128
1.8551179
1.8589095
1.8529888
1.8521672
1.8565458
1.8622308
1.8551441
1.8524508
1.8518986
1.86239
1.8586509
1.8534957
1.8475583
1.8553911
1.8535123
1.8601422
1.8530775
1.8543334
1.8518705
1.8536882
1.8552778
1.8539966
1.8485029
1.8561053
1.8527716
1.8517509
1.8538598
1.8558252
1.8550355
1.8462611
1.844279
1.8493129
1.8596988
1.8505005
1.8421074
1.8476952
1.8528646
1.8463335
1.8477631
1.8534529
1.8431877
1.8503953
1.8444272
1.8420166
1.840181
1.8509716
1.8509827
1.8540841
1.8434845
1.8543333
1.8460525
1.8462474
1.8436537
1.8445572
1.8413697
1.8435321
1.8471103
1.8460376
1.8518237
1.851475
1.8433782
1.8458813
1.8409623
1.8474449
1.8512405
1.8464997
1.8395597
1.8407915
1.8377565
1.8356305
1.846484
1.8389424
1.8452657
1.8504459
1.8378693
1.8399872
1.8457223
1.8414592
1.8465054
1.838978
1.8403004
1.842065
1.8387237
1.8493911
1.8383042
1.8391057
1.8402457
1.8373603
1.8438935
1.8427386
1.8374469
1.8437859
1.8398747
1.8419788
1.8325827
1.8416305
1.8393452
1.8437198
1.8330369
1.8387848
1.840141
