0.893833
0.70967907
0.6665266
0.7118508
0.7435285
0.77186793
0.77020484
0.7669687
0.7572971
0.7560039
0.73242956
0.7171987
0.70368224
0.68138146
0.66554403
0.6454198
0.63047194
0.61513853
0.6271094
0.6145817
0.60204506
0.5858252
0.58310634
0.56587815
0.5478505
0.5394401
0.5272056
0.52742285
0.5270692
0.53046376
0.5316645
0.5363703
0.5373846
0.5357836
0.5407875
0.545
0.5440862
0.54384375
0.5493849
0.55031615
0.556067
0.55314076
0.5531708
0.5564837
0.5573252
0.5538914
0.5572085
0.5604722
0.5627839
0.5618917
0.5635565
0.56511366
0.5695998
0.5694055
0.5768052
0.57386774
0.5723553
0.5745791
0.5746
0.5778575
0.5837535
0.58794594
0.58725923
0.58846253
0.5914919
0.58982897
0.59845793
0.5955084
0.59704643
0.59896964
0.5950995
0.6011728
0.60492617
0.60428464
0.6027376
0.6077573
0.61024547
0.6110043
0.61162364
0.6132355
0.6069166
0.6125288
0.6168132
0.61104774
0.6191365
0.62311757
0.615421
0.61560833
0.61893904
0.6214247
0.62815565
0.6243194
0.6296185
0.6291641
0.6286379
0.62879795
0.627549
0.62589073
0.63215953
0.63441706
0.63343054
0.638852
0.6352631
0.6367011
0.6397971
0.63729966
0.6364936
0.6393206
0.642624
0.64584285
0.6484309
0.64536697
0.6473843
0.6469054
0.6526203
0.6527175
0.6534888
0.6476543
0.6512994
0.65574867
0.6521274
0.6579761
0.6572958
0.6570694
0.6605868
0.65883625
0.6594908
0.6624563
0.66361123
0.6669741
0.66163033
0.6610531
0.66990197
0.67207277
0.66524976
0.66295445
0.66619647
0.670554
0.6682502
0.66938794
0.6703877
0.67732704
0.6730641
0.6749897
0.6734627
0.67058617
0.6770602
0.6772075
0.6731192
0.6726295
0.67630285
0.67787707
0.6779022
0.67868125
0.67713153
0.67872214
0.678392
0.6861181
0.6813392
0.68475246
0.6837701
0.68292224
0.6818596
0.6825808
0.68503857
0.6842118
0.68051636
0.6819746
0.69182944
0.68313426
0.68489236
0.6854911
0.68704563
0.69077855
0.69324803
0.69020057
0.69147325
0.6900772
0.68889695
0.69134486
0.69196403
0.6899586
0.69122124
0.6915864
0.6865882
0.6927237
0.6903217
0.6909507
0.69340026
0.6916888
0.69613683
0.6995352
0.6937222
0.69407004
0.69697934
0.7016082
0.6929432
0.69739974
0.70223314
0.69640493
0.7008347
0.7005295
0.69666946
0.70247203
0.6989042
0.69697267
0.7054977
0.7009537
0.69976777
0.69977516
0.7043224
0.69776815
0.7004491
0.70597976
0.7053387
0.70100754
0.70181406
0.70097107
0.70132166
0.7040054
0.70712876
0.7081529
0.70328027
0.7020369
0.7093649
0.7063312
0.7087935
0.7082058
0.7070386
0.71059275
0.7082055
0.7069097
0.70757896
0.7025314
0.7114523
0.7108733
0.71192217
0.7087843
0.7067517
0.7115443
0.71453977
0.70749414
0.7094431
0.71249115
0.7155026
0.71321833
0.7169091
0.70967287
0.7104501
0.7138121
0.7103909
0.71305007
0.7119956
0.71095777
0.7171263
0.7211101
0.71707696
0.71953255
0.71441
0.72123045
0.7211923
0.71698666
0.7212938
0.7169374
0.71941805
0.71505845
0.71964675
0.72057694
0.7222118
0.7163838
0.7184694
0.72134924
0.72143346
0.71745354
0.7238934
0.7189683
0.7234991
0.72358435
0.7251008
0.7226519
0.7201047
0.7240045
0.72245884
0.719719
0.7187448
0.7242145
0.72121894
0.7260493
0.72173256
0.7256443
0.7282557
0.71921337
0.72002566
0.72264284
0.7292636
0.72942054
0.7249417
0.7260504
0.7233537
0.72394454
0.7274346
0.72924346
0.7290824
0.72834426
0.7302167
0.727977
0.72944385
0.7278719
0.7283202
0.73107225
0.72784466
0.7323598
0.73085254
0.72851074
0.73193896
0.7275393
0.7289474
0.73325866
0.7267155
0.732531
0.7289349
0.7302298
0.7310343
0.73506224
0.7337747
0.7311985
0.7284114
0.73538244
0.73412395
0.73162514
0.73210686
0.73464316
0.7358517
0.7376029
