1.2287745
0.3664959
0.24262717
0.20819055
0.17406288
0.13429913
0.114373565
0.10015738
0.09024297
0.082281984
0.07516634
0.07157633
0.06930154
0.06677466
0.06405801
0.061852112
0.060663044
0.0585124
0.058957748
0.057946615
0.056756973
0.055630133
0.05433723
0.05413785
0.052444674
0.052023582
0.051306177
0.050972372
0.05107418
0.050554466
0.05066584
0.05059561
0.050387528
0.05027699
0.05022811
0.050330758
0.049723294
0.050004154
0.04990634
0.049776513
0.049714208
0.049523134
0.04946878
0.04931581
0.049192216
0.049388368
0.04937039
0.049182534
0.049371723
0.0490675
0.04909593
0.048904426
0.048993856
0.0490254
0.049047813
0.048994467
0.048963904
0.048839495
0.049197443
0.04917843
0.04893325
0.049041208
0.048944663
0.04911095
0.049147505
0.049071472
0.049054887
0.048829697
0.049215913
0.049219955
0.048951562
0.049424063
0.04897349
0.04927307
0.049137972
0.04921335
0.048898354
0.048980203
0.048726454
0.04896692
0.04918751
0.049238484
0.0487107
0.049031395
0.048783723
0.04911778
0.049161825
0.049024712
0.049258173
0.048790094
0.048801422
0.04910996
0.04895807
0.048988704
0.048728272
0.04855871
0.048947237
0.048841134
0.048869576
0.048817404
0.048875313
0.048910804
0.048905075
0.04914449
0.048941143
0.048957925
0.04895353
0.04899559
0.0491077
0.049097948
0.048784867
0.04903614
0.049055837
0.04891684
0.048922393
0.048862204
0.048904706
0.048754912
0.049076933
0.048887193
0.049023904
0.048971314
0.049067654
0.049083292
0.049007423
0.048546106
0.0487981
0.04903982
0.048801497
0.04915999
0.048865065
0.049095728
0.049032755
0.048676223
0.04890607
0.048950072
0.04904995
0.048936453
0.049125705
0.04920682
0.049000908
0.048554856
0.04905107
0.04872228
0.048561003
0.048874237
0.048933882
0.048658185
0.048845008
0.04878141
0.0490684
0.04840903
0.048831902
0.04889727
0.048869427
0.04907164
0.048808966
0.04837969
0.048885018
0.048871167
0.04866687
0.048820786
0.048614886
0.04877783
0.048537076
0.048732918
0.048576348
0.048854016
0.04882487
0.048519127
0.048781503
0.048885033
0.04881414
0.04880333
0.048666313
0.048399072
0.04906038
0.048656523
0.048763875
0.048490167
0.04879939
0.048659295
0.04859067
0.048638154
0.048551094
0.048480283
0.048768345
0.048682954
0.048665583
0.04860904
0.048662834
0.048749078
0.048344184
0.048598204
0.048496116
0.048691146
0.04884329
0.04849783
0.048418052
0.048706483
0.048511907
0.048365068
0.048601493
0.048322342
0.048840873
0.048841223
0.048507903
0.048362397
0.048531298
0.04838578
0.048598625
0.04860392
0.048398346
0.048513282
0.048857894
0.048192877
0.049000748
0.04829248
0.048471697
0.048469566
0.04870373
0.048428476
0.04818944
0.048597354
0.048046447
0.04866447
0.048446327
0.048335377
0.04874128
0.04815297
0.048421495
0.04847857
0.04844459
0.048685413
0.048445437
0.048461657
0.048379827
0.048153333
0.048475426
0.0482913
0.04858785
0.048300773
0.048539523
0.048129536
0.048325066
0.04826232
0.048382
0.048479874
0.04819179
0.048389222
0.04812298
0.04856033
0.04844671
0.048242744
0.04813666
0.048100814
0.048532203
0.04809983
0.048497688
0.04823899
0.048205413
0.048523918
0.048459794
0.048222482
0.0482193
0.047821715
0.048402023
0.048191354
0.048303593
0.04846225
0.048514277
0.048255537
0.048476364
0.048273563
0.04807547
0.048526596
0.04822399
0.048469655
0.047887847
0.04823535
0.048252568
0.04837819
0.04812409
0.048196327
0.04835885
0.048242442
0.048261017
0.048220802
0.048087128
0.04823359
0.0482443
0.048046682
0.048081134
0.048115723
0.04824589
0.04850417
0.04789012
0.048390068
0.048156083
0.048174657
0.048366282
0.048010368
0.04822055
0.047979888
0.048336845
0.04834751
0.04757868
0.04794942
0.048325993
0.048391685
0.04821514
0.048144735
0.048275154
0.048140146
0.04818184
0.04827947
0.048357483
0.048196472
0.04828925
0.048086975
0.04823461
0.04830192
0.04788854
0.048249032
0.048114147
0.04778366
0.048118424
0.04804486
0.04821042
0.047948457
0.048410684
0.047977194
0.047976576
0.048280444
