0.049152922
0.07152624
0.09094952
0.11822075
0.13063373
0.14408852
0.15526052
0.16181135
0.17523271
0.18100226
0.19225185
0.20046961
0.2080383
0.21437126
0.22285765
0.22646526
0.23026788
0.2406748
0.24604115
0.25887877
0.26931164
0.288688
0.29331204
0.29763567
0.29769236
0.3001013
0.30215567
0.30075622
0.30144495
0.30446252
0.3060474
0.30502284
0.30505285
0.30557793
0.31065458
0.30999646
0.31089157
0.3108258
0.31409818
0.31689504
0.3181048
0.3208184
0.32643083
0.32313034
0.32230443
0.32817438
0.32805574
0.3246972
0.32556108
0.3269864
0.33183217
