0.55551255
0.51747537
0.51671976
0.5083222
0.49610665
0.4955533
0.49405837
0.49560538
0.49049774
0.48835304
0.49053296
0.48715925
0.4878523
0.48407146
0.4806117
0.47799107
0.4843391
0.48665422
0.48674145
0.48208976
0.48030874
0.48040944
0.4840184
0.47616234
0.47687048
0.48042807
0.47827992
0.47525474
0.4776075
0.4748232
0.47622132
0.47162092
0.4740097
0.47782844
0.4796631
0.47202843
0.47302154
0.47090152
0.46839368
0.46901911
0.46756738
0.46774328
0.46294993
0.46918592
0.4687765
0.46579242
0.46653023
0.46678078
0.46300176
0.4658535
0.46176007
