1.1609317
1.0900409
1.0756241
1.0505929
1.0318964
1.0297477
1.0153155
1.0130053
1.005176
0.99838775
0.9981147
0.9929953
0.9891763
0.98898387
0.98196656
0.9809241
0.9810301
0.9843121
0.9792204
0.97462106
0.9708008
0.9678995
0.9674679
0.96195513
0.95861775
0.958124
0.9531861
0.9584549
0.9544479
0.954716
0.9495098
0.94877976
0.95158887
0.9480926
0.95234734
0.94661564
0.94577146
0.943335
0.94014704
0.9405768
0.93948525
0.93303436
0.92634094
0.93178374
0.9281892
0.9312588
0.9260239
0.9286478
0.9285408
0.9268668
0.9225384
