-0.65005857
-0.36190018
-0.284244
-0.27273265
-0.2457771
-0.22289163
-0.20360973
-0.1848868
-0.17809802
-0.16633229
-0.16010493
-0.15240087
-0.1461799
-0.14064944
-0.1357456
-0.12978417
-0.12409937
-0.12173899
-0.118876524
-0.118122764
-0.117544435
-0.11833589
-0.12138005
-0.12307286
-0.122936256
-0.123860195
-0.12491837
-0.124438085
-0.124360904
-0.12626618
-0.12665026
-0.12600449
-0.12634104
-0.12633924
-0.12870486
-0.12864973
-0.12804753
-0.1290792
-0.12937212
-0.13112178
-0.13153763
-0.1326335
-0.13502412
-0.13394254
-0.13345487
-0.13551922
-0.13581757
-0.13465777
-0.13460857
-0.13516821
-0.13688609
