-0.12242352
-0.017362578
-0.00804993
-0.0030149783
-0.0014862716
-0.0005793794
-0.0018254032
-0.001384325
-0.0008107277
-0.0018247704
-0.0018531103
-0.0013235996
-0.0018149058
-0.0019284762
-0.0024374763
-0.002988622
-0.0030078827
-0.0022971297
-0.0029244618
-0.00225118
-0.0026046128
-0.0023383792
-0.0018759569
-0.0024924562
-0.0026325465
-0.0017695556
-0.002422445
-0.0013152789
-0.0017836058
-0.002390688
-0.0015149484
-0.0017422285
-0.0015827634
-0.0019545425
-0.0016928419
-0.0018888733
-0.0022308703
-0.0013986576
-0.00146955
-0.0017649676
-0.0016802412
-0.0018846571
-0.0013102291
-0.0020784535
-0.0015953823
-0.0019656378
-0.0018710768
-0.0016123902
-0.0017980862
-0.0013686932
-0.001399684
