1.5721433
1.2363993
1.1814913
1.0915395
1.028135
1.0218987
0.99844426
0.98993164
0.96643966
0.9494163
0.9541637
0.94613236
0.93994886
0.93873304
0.92690444
0.9280613
0.9240685
0.93166184
0.91836375
0.9125207
0.90517485
0.8868692
0.8913819
0.88005286
0.8663019
0.86150014
0.8585484
0.8613194
0.8559695
0.8545069
0.8399831
0.8402025
0.84505314
0.8346758
0.83402914
0.8340469
0.8312733
0.8259363
0.8223372
0.81527436
0.8076984
0.794291
0.7854533
0.7831294
0.7857651
0.78725153
0.77590966
0.78238964
0.7828422
0.77316135
0.7686658
