3.2885911
2.8439143
2.7738314
2.6504552
2.556138
2.5471995
2.507819
2.4985416
2.462114
2.4361587
2.4428124
2.4262857
2.4169803
2.4117868
2.3894835
2.3869767
2.3894355
2.4026287
2.384326
2.3692327
2.356284
2.3351774
2.3428686
2.3181717
2.301792
2.300052
2.2900155
2.2950282
2.2880256
2.2840447
2.2657158
2.2606032
2.2706516
2.2605984
2.2660391
2.2526925
2.2500656
2.2401717
2.230877
2.2248712
2.2147486
2.1950698
2.1747448
2.1840982
2.1827295
2.1843026
2.1684644
2.177817
2.1743865
2.1658812
2.1529624
