1.3491509
0.3336303
0.24214312
0.21483834
0.17682835
0.15281844
0.13167503
0.112137064
0.102809
0.088613525
0.08349855
0.07696708
0.07212767
0.06660023
0.06346416
0.059018534
0.055245705
0.05415886
0.050644107
0.05042352
0.050368767
0.05221697
0.052074477
0.053358912
0.052591305
0.053307146
0.05297283
0.052127488
0.052898947
0.052533526
0.052801836
0.052225344
0.052446403
0.05199697
0.052562997
0.051989462
0.05256448
0.051349893
0.051642694
0.050419044
0.04939559
0.049353495
0.04856955
0.047840144
0.04763262
0.048784114
0.048313648
0.04758245
0.047756713
0.047650553
0.04862121
