0.6156778
0.6133265
0.72091806
0.74337894
0.7789773
0.81104213
0.83852667
0.86338353
0.87322575
0.88918805
0.8958091
0.90454245
0.9103567
0.9160989
0.92089057
0.92606235
0.9310259
0.93322796
0.9362014
0.9371485
0.9366526
0.9355369
0.93383163
0.9322361
0.93319726
0.9323352
0.9321998
0.933067
0.93267596
0.93191427
0.93182623
0.9327842
0.9321556
0.9328235
0.93140185
0.93177015
0.9323231
0.9322163
0.9329171
0.9330963
0.9340978
0.93388313
0.93397385
0.93469954
0.93518364
0.9338531
0.9338951
0.9347041
0.9349511
0.934941
0.93380105
