9.103615e-9
1.4147116e-8
1.7985156e-8
2.1120906e-8
2.3876748e-8
2.6204726e-8
2.8249962e-8
3.0096523e-8
3.1787504e-8
3.3325907e-8
3.4734423e-8
3.6144804e-8
3.7514216e-8
3.8810104e-8
4.00976e-8
4.132883e-8
4.251409e-8
4.3707807e-8
4.487742e-8
4.6013984e-8
4.713357e-8
7.223622e-8
7.328617e-8
7.407146e-8
7.4954215e-8
7.59049e-8
7.6682106e-8
7.73411e-8
7.819804e-8
7.9024716e-8
7.9793644e-8
8.063819e-8
8.137594e-8
8.213581e-8
8.29115e-8
8.367013e-8
8.43585e-8
8.504696e-8
8.574333e-8
8.6389036e-8
8.703815e-8
8.769534e-8
1.0131716e-7
1.0102084e-7
1.0124017e-7
1.01442666e-7
1.01323145e-7
1.01321596e-7
1.01361174e-7
1.0130868e-7
1.0123845e-7
1.0121293e-7
1.0120504e-7
1.0120676e-7
1.0123405e-7
1.0113828e-7
1.0120321e-7
1.01223996e-7
1.0121837e-7
1.01269606e-7
1.0127755e-7
1.01273265e-7
1.0133095e-7
1.0196369e-7
1.0162111e-7
1.01763874e-7
1.0171372e-7
1.0180087e-7
1.0190213e-7
1.020059e-7
1.0205198e-7
1.0203474e-7
1.02112e-7
1.0210876e-7
1.0209882e-7
1.0210574e-7
1.0202017e-7
1.01970535e-7
1.0202906e-7
1.0215958e-7
1.0221785e-7
1.022731e-7
1.0228092e-7
1.0231223e-7
1.0320491e-7
1.03293274e-7
1.0307539e-7
1.0323526e-7
1.0329788e-7
1.0329138e-7
1.0329933e-7
1.03421314e-7
1.03443924e-7
1.0343181e-7
1.034074e-7
1.0344974e-7
1.0349485e-7
1.0357539e-7
