5.239492e-7
4.0024932e-7
3.5244412e-7
3.2509413e-7
3.0615564e-7
2.9198588e-7
2.8104253e-7
2.728766e-7
2.657424e-7
2.5979273e-7
2.5494236e-7
2.5049962e-7
2.467796e-7
2.4335694e-7
2.4036768e-7
2.3770173e-7
2.3533762e-7
2.3315678e-7
2.3129192e-7
2.2957029e-7
2.2792382e-7
1.9377941e-7
1.956672e-7
1.961938e-7
1.9642951e-7
1.9664425e-7
1.9725746e-7
1.9720017e-7
1.9756538e-7
1.978746e-7
1.9829271e-7
1.9851805e-7
1.9879404e-7
1.9903848e-7
1.9930322e-7
1.9951185e-7
1.9980169e-7
2.0024802e-7
2.0060179e-7
2.0094737e-7
2.0126586e-7
2.015845e-7
2.0849916e-7
2.0850456e-7
2.0902286e-7
2.0884623e-7
2.0845742e-7
2.0824685e-7
2.0797088e-7
2.0769878e-7
2.0743387e-7
2.0732489e-7
2.0722962e-7
2.0715407e-7
2.0714788e-7
2.06817e-7
2.0649466e-7
2.0644016e-7
2.0617651e-7
2.0608508e-7
2.0585347e-7
2.0578271e-7
2.056762e-7
2.041597e-7
2.038318e-7
2.0285098e-7
2.0237964e-7
2.0188561e-7
2.0164012e-7
2.0150406e-7
2.0150006e-7
2.0153432e-7
2.0136004e-7
2.0112577e-7
2.0112728e-7
2.0105375e-7
2.0099272e-7
2.0077587e-7
2.0071425e-7
2.006709e-7
2.0054341e-7
2.0049583e-7
2.0037086e-7
2.0033212e-7
1.9744134e-7
1.9779921e-7
1.975024e-7
1.9746619e-7
1.9679956e-7
1.9690282e-7
1.9668255e-7
1.9675747e-7
1.9654945e-7
1.9650136e-7
1.9653125e-7
1.9645755e-7
1.9648992e-7
1.9625989e-7
