1.6397804e-7
1.4602837e-7
1.3937176e-7
1.3575605e-7
1.3293852e-7
1.309564e-7
1.2935278e-7
1.283042e-7
1.2732467e-7
1.2638768e-7
1.2558189e-7
1.249644e-7
1.2447778e-7
1.2404621e-7
1.2365764e-7
1.2337377e-7
1.2303744e-7
1.2273567e-7
1.2249636e-7
1.2225715e-7
1.2198991e-7
1.16071284e-7
1.17491375e-7
1.172647e-7
1.173091e-7
1.1741366e-7
1.1729991e-7
1.1722909e-7
1.17257834e-7
1.17264364e-7
1.1726628e-7
1.17333535e-7
1.1743351e-7
1.1734601e-7
1.17423916e-7
1.1740277e-7
1.17465824e-7
1.1749255e-7
1.17589515e-7
1.1769765e-7
1.1771618e-7
1.1781189e-7
1.1822847e-7
1.17855066e-7
1.18406014e-7
1.1862333e-7
1.1819113e-7
1.1822237e-7
1.1826776e-7
1.181919e-7
1.18161346e-7
1.1820437e-7
1.18251236e-7
1.18303e-7
1.18311775e-7
1.1822339e-7
1.1819619e-7
1.1825017e-7
1.18168195e-7
1.18185724e-7
1.18120965e-7
1.1808835e-7
1.1807119e-7
1.18416814e-7
1.1830321e-7
1.18077665e-7
1.17908925e-7
1.1795921e-7
1.1785901e-7
1.1756632e-7
1.174555e-7
1.1734482e-7
1.1739455e-7
1.1740708e-7
1.1743216e-7
1.1744105e-7
1.1738865e-7
1.17224104e-7
1.17233775e-7
1.1729263e-7
1.17239466e-7
1.1723003e-7
1.1714826e-7
1.17220075e-7
1.1649747e-7
1.16818136e-7
1.1665646e-7
1.16673284e-7
1.1637263e-7
1.16561935e-7
1.1654818e-7
1.1663394e-7
1.16540924e-7
1.1652193e-7
1.16526806e-7
1.1660827e-7
1.1664812e-7
1.1661277e-7
