2.823705e-7
2.7166658e-7
2.6731664e-7
2.6410467e-7
2.6142305e-7
2.5920528e-7
2.573407e-7
2.5591072e-7
2.5448318e-7
2.53283e-7
2.5231844e-7
2.514073e-7
2.5060257e-7
2.498535e-7
2.4922926e-7
2.485917e-7
2.4800173e-7
2.4741533e-7
2.4695677e-7
2.4650544e-7
2.4602076e-7
2.3586115e-7
2.3638505e-7
2.3621703e-7
2.3634738e-7
2.3629087e-7
2.3632458e-7
2.3619792e-7
2.3618112e-7
2.3616384e-7
2.3618728e-7
2.3615851e-7
2.36106e-7
2.3598795e-7
2.3594293e-7
2.3590214e-7
2.3591684e-7
2.3596647e-7
2.3594617e-7
2.3595886e-7
2.3596287e-7
2.3595301e-7
2.3579099e-7
2.3609313e-7
2.3624148e-7
2.361732e-7
2.3592013e-7
2.3586999e-7
2.3577691e-7
2.3564516e-7
2.3544611e-7
2.353603e-7
2.35319e-7
2.3528492e-7
2.3533103e-7
2.3523766e-7
2.3512575e-7
2.3507927e-7
2.3497806e-7
2.349445e-7
2.3489048e-7
2.3486653e-7
2.3481057e-7
2.337238e-7
2.3401027e-7
2.3371544e-7
2.3370782e-7
2.3365456e-7
2.3357809e-7
2.3335542e-7
2.3338497e-7
2.3335573e-7
2.3335055e-7
2.3327614e-7
2.3327603e-7
2.3324918e-7
2.33206e-7
2.3308685e-7
2.3308772e-7
2.3306256e-7
2.33031e-7
2.3305705e-7
2.3301274e-7
2.3300721e-7
2.3127009e-7
2.322462e-7
2.3219805e-7
2.3210826e-7
2.3182112e-7
2.3199338e-7
2.3188427e-7
2.3192628e-7
2.3173504e-7
2.3179925e-7
2.3174901e-7
2.317551e-7
2.317523e-7
2.3169788e-7
