9.70299e-7
8.179435e-7
7.5913226e-7
7.249539e-7
7.005169e-7
6.821458e-7
6.6773407e-7
6.5708946e-7
6.47549e-7
6.394623e-7
6.3284074e-7
6.268699e-7
6.2185813e-7
6.1725405e-7
6.1325227e-7
6.0966465e-7
6.063738e-7
6.033045e-7
6.0074154e-7
5.9833013e-7
5.9593157e-7
5.457122e-7
5.4954415e-7
5.496763e-7
5.500863e-7
5.503494e-7
5.508832e-7
5.506284e-7
5.510047e-7
5.5130334e-7
5.5174667e-7
5.5201065e-7
5.523346e-7
5.5237354e-7
5.5267145e-7
5.5281873e-7
5.5318634e-7
5.5370907e-7
5.5413966e-7
5.546062e-7
5.5494786e-7
5.5535287e-7
5.6251884e-7
5.624526e-7
5.6366923e-7
5.636418e-7
5.6256806e-7
5.6233904e-7
5.620145e-7
5.615347e-7
5.61041e-7
5.6088913e-7
5.607998e-7
5.6074197e-7
5.607911e-7
5.602792e-7
5.59817e-7
5.5976983e-7
5.593233e-7
5.592165e-7
5.588655e-7
5.587385e-7
5.5855855e-7
5.5630005e-7
5.561458e-7
5.54644e-7
5.5399704e-7
5.534996e-7
5.5307765e-7
5.524262e-7
5.5234165e-7
5.522356e-7
5.52106e-7
5.5180936e-7
5.518356e-7
5.5174394e-7
5.515877e-7
5.5108654e-7
5.510353e-7
5.510252e-7
5.5081284e-7
5.5078203e-7
5.50531e-7
5.505588e-7
5.45209e-7
5.468634e-7
5.4635626e-7
5.4624724e-7
5.4499276e-7
5.4545706e-7
5.451143e-7
5.453168e-7
5.4482547e-7
5.448228e-7
5.448074e-7
5.448213e-7
5.4489135e-7
5.4457087e-7
