1.7088522e-7
1.3082862e-7
1.2723477e-7
1.266846e-7
1.225243e-7
1.2235824e-7
1.2215537e-7
1.2153653e-7
1.20714e-7
1.195221e-7
1.1755228e-7
1.1815636e-7
1.1938658e-7
1.1854444e-7
1.1788778e-7
1.18707376e-7
1.1917485e-7
1.1826484e-7
1.1776875e-7
1.1747909e-7
1.1821207e-7
1.1690631e-7
1.17445346e-7
1.17807446e-7
1.1926949e-7
1.1726008e-7
1.18039196e-7
1.1983208e-7
1.18675636e-7
1.18921015e-7
1.1818855e-7
1.18487286e-7
1.1780844e-7
1.1988513e-7
1.1840345e-7
1.17159274e-7
1.1912254e-7
1.19171425e-7
1.1956533e-7
1.1953493e-7
1.2043456e-7
1.1932336e-7
1.2062348e-7
1.2120437e-7
1.1710971e-7
1.18642475e-7
1.1974676e-7
1.1838505e-7
1.2008779e-7
1.1921358e-7
1.184202e-7
1.1962595e-7
1.1840182e-7
1.18989476e-7
1.2013236e-7
1.2016109e-7
1.199953e-7
1.1888993e-7
1.1808562e-7
1.1908243e-7
1.1858185e-7
1.1787144e-7
1.1862619e-7
1.18308456e-7
1.1685386e-7
1.1841455e-7
1.192836e-7
1.1933896e-7
1.18524305e-7
1.1821135e-7
1.1778682e-7
1.1847538e-7
1.1871592e-7
1.1846574e-7
1.18350016e-7
1.1971134e-7
1.1764788e-7
1.1731064e-7
1.17901116e-7
1.1932494e-7
1.17659326e-7
1.1656388e-7
1.1807458e-7
1.1832033e-7
1.171991e-7
1.1855024e-7
1.1671666e-7
1.1753955e-7
1.181915e-7
1.1780633e-7
1.1865094e-7
1.1738704e-7
1.17557924e-7
1.1769557e-7
1.1907367e-7
1.1745085e-7
1.1773869e-7
1.1782344e-7
1.1818965e-7
1.1621402e-7
1.1556211e-7
1.1812248e-7
1.1826837e-7
1.17365616e-7
1.1637295e-7
1.17250046e-7
1.1670711e-7
1.18870915e-7
1.1632619e-7
1.1680184e-7
1.1648369e-7
1.1834861e-7
1.1761941e-7
1.1738549e-7
1.1797702e-7
1.16334064e-7
1.1680603e-7
1.1547304e-7
1.1692131e-7
1.17793235e-7
1.1673322e-7
1.15618604e-7
1.1724776e-7
1.1756162e-7
1.1754549e-7
1.1622614e-7
1.1677088e-7
1.1623267e-7
1.16591416e-7
1.168871e-7
1.1604425e-7
1.1605934e-7
1.1683835e-7
1.1670202e-7
1.1743588e-7
1.1658383e-7
1.1681257e-7
1.16098185e-7
1.1541912e-7
1.163258e-7
1.1688268e-7
1.16378075e-7
1.1702304e-7
1.16091904e-7
1.1667284e-7
1.1659203e-7
1.1602988e-7
1.17198184e-7
1.1586465e-7
1.1834848e-7
1.1541376e-7
1.15894856e-7
1.1575692e-7
1.1594959e-7
1.16305756e-7
1.1454824e-7
1.143713e-7
1.1637132e-7
1.15902985e-7
1.1581735e-7
1.1635925e-7
1.1729094e-7
1.166417e-7
1.1789687e-7
1.1445352e-7
1.17240624e-7
1.1528541e-7
1.1525479e-7
1.1587984e-7
1.152795e-7
1.1623593e-7
1.1652181e-7
1.1524525e-7
1.15453716e-7
1.14352254e-7
1.1711918e-7
1.15481356e-7
1.15921054e-7
1.15501955e-7
1.1446465e-7
1.1560469e-7
1.15376174e-7
1.1729995e-7
1.1545971e-7
1.1640438e-7
1.16143305e-7
1.1493897e-7
1.1670911e-7
1.1629243e-7
1.15613375e-7
1.1556822e-7
1.13895574e-7
1.1714204e-7
1.1516283e-7
1.1583078e-7
1.15536494e-7
1.16226424e-7
1.1540294e-7
1.15060914e-7
1.1490169e-7
1.1502414e-7
1.1571908e-7
1.1566461e-7
1.1459533e-7
1.14230765e-7
1.1450059e-7
1.1517926e-7
1.1536391e-7
1.1676852e-7
1.1619476e-7
1.1409966e-7
1.15284436e-7
1.16194094e-7
1.16992965e-7
1.15157675e-7
1.1441621e-7
1.1389546e-7
1.1642117e-7
1.1530297e-7
1.1414376e-7
1.1510892e-7
1.155334e-7
1.1570336e-7
1.1565592e-7
1.15667255e-7
1.15043946e-7
1.1423731e-7
1.15196514e-7
1.14637004e-7
1.15809236e-7
1.1574192e-7
1.14803385e-7
1.1514159e-7
1.1561454e-7
1.1474247e-7
1.148658e-7
1.1550226e-7
1.1594564e-7
1.15154684e-7
1.1504028e-7
1.1527741e-7
1.14480144e-7
1.1469548e-7
1.1541002e-7
1.1444815e-7
1.1453223e-7
1.1461787e-7
1.13451605e-7
1.1571746e-7
1.1456058e-7
1.1557677e-7
1.1478852e-7
1.1553506e-7
1.16332394e-7
1.1570947e-7
1.1534811e-7
1.1380438e-7
1.1493083e-7
1.1443776e-7
1.1575416e-7
1.13603285e-7
1.14450685e-7
1.14457535e-7
1.1372937e-7
1.1357372e-7
1.14470744e-7
1.1454865e-7
1.14891996e-7
1.15925474e-7
1.1523534e-7
1.15220715e-7
1.13426054e-7
1.133805e-7
1.1425196e-7
1.14457926e-7
1.1460767e-7
1.1434172e-7
1.1410017e-7
1.132976e-7
1.1529193e-7
1.14039956e-7
1.1433467e-7
1.13738835e-7
1.14867966e-7
1.1456136e-7
1.1443966e-7
1.1540937e-7
1.1551454e-7
1.1465679e-7
1.13057496e-7
1.1508156e-7
1.151624e-7
1.1571644e-7
1.1454669e-7
1.1412068e-7
1.1374245e-7
1.1382034e-7
1.1519549e-7
1.1345261e-7
1.1313619e-7
1.15155366e-7
1.142555e-7
1.14368895e-7
1.1560131e-7
1.1513934e-7
1.1452928e-7
1.1500224e-7
1.14808905e-7
1.1468758e-7
1.1549131e-7
1.13726145e-7
1.1417094e-7
1.14169794e-7
1.1444788e-7
1.1271071e-7
1.14798745e-7
1.14841896e-7
1.12782885e-7
1.1455872e-7
1.1443403e-7
1.1401288e-7
1.1352864e-7
1.14731236e-7
1.1365422e-7
1.1349029e-7
1.1518981e-7
1.13962585e-7
1.14617755e-7
1.1461138e-7
1.15514524e-7
1.1512417e-7
1.1307946e-7
1.14466495e-7
1.1317592e-7
1.1607965e-7
1.1260505e-7
1.1383869e-7
1.14288845e-7
1.13730245e-7
1.1389554e-7
1.13913806e-7
1.1488012e-7
1.1458858e-7
1.152017e-7
1.14687076e-7
1.1429106e-7
1.14705806e-7
1.1455789e-7
1.1324351e-7
1.12481516e-7
1.1396462e-7
1.12251e-7
1.1231639e-7
1.14493645e-7
1.14189596e-7
1.1374777e-7
1.1437833e-7
1.13168504e-7
1.1444595e-7
1.14092444e-7
1.1368852e-7
1.1370139e-7
1.1425275e-7
1.1418293e-7
1.1314424e-7
1.1319157e-7
1.1347939e-7
1.1387273e-7
1.1374969e-7
1.14577375e-7
1.1387978e-7
1.1306241e-7
1.1557925e-7
1.14254334e-7
1.1374572e-7
1.1407112e-7
1.1293873e-7
1.1334827e-7
1.1324117e-7
1.1443141e-7
1.1293088e-7
1.132226e-7
1.14749014e-7
1.1270658e-7
1.141275e-7
1.1376248e-7
1.13951714e-7
1.13301894e-7
1.13193344e-7
1.14213755e-7
1.1291843e-7
1.1433264e-7
1.13186935e-7
1.13744235e-7
1.1439019e-7
1.1304372e-7
1.14969296e-7
1.13776174e-7
1.13959665e-7
1.13977734e-7
1.1457838e-7
1.1190671e-7
1.1372641e-7
1.1413912e-7
1.1414569e-7
1.1333579e-7
1.14491364e-7
1.1342005e-7
1.1307049e-7
1.1415956e-7
1.1398043e-7
1.13092426e-7
1.1394324e-7
1.1321292e-7
1.1228188e-7
1.1398986e-7
1.1282754e-7
1.1293934e-7
1.1463073e-7
1.14409104e-7
1.1365907e-7
1.13719146e-7
1.1474103e-7
1.1304577e-7
1.1336923e-7
1.1352045e-7
1.1261599e-7
1.1264345e-7
1.1272999e-7
1.1383969e-7
1.12780874e-7
1.1526269e-7
1.13355505e-7
1.1403739e-7
1.1485268e-7
1.1293545e-7
1.1208368e-7
1.13910254e-7
1.14018526e-7
1.133955e-7
1.14174135e-7
1.13663305e-7
1.1371795e-7
1.13291335e-7
1.1340133e-7
1.1282613e-7
1.1344421e-7
1.1340585e-7
1.1488161e-7
1.1287359e-7
1.1251307e-7
1.1400646e-7
1.13320155e-7
1.12961594e-7
1.1240838e-7
1.1247484e-7
1.1488775e-7
1.1348545e-7
1.137176e-7
1.1452258e-7
1.1325476e-7
1.1328766e-7
1.1350763e-7
1.1254004e-7
1.12946196e-7
1.1394574e-7
1.1284476e-7
1.12626466e-7
1.130687e-7
1.1301211e-7
1.136816e-7
1.12656224e-7
1.1381788e-7
1.1469297e-7
1.14475924e-7
1.1299554e-7
1.1314623e-7
1.1368065e-7
1.1393827e-7
1.1350102e-7
1.1387415e-7
1.1264649e-7
1.1315657e-7
1.1318295e-7
1.1311318e-7
1.1206671e-7
1.14735926e-7
1.136362e-7
1.1472823e-7
1.1311083e-7
1.12749426e-7
1.12852405e-7
1.12800755e-7
1.12714666e-7
1.1300001e-7
1.1296435e-7
1.1344797e-7
1.13882244e-7
1.1331203e-7
1.1289521e-7
1.13498295e-7
1.1183244e-7
1.1439371e-7
1.12724734e-7
1.13422814e-7
1.1234515e-7
1.1168609e-7
1.1265092e-7
1.1368375e-7
1.1348329e-7
1.1360412e-7
1.1222286e-7
1.1358947e-7
1.1294845e-7
1.13058306e-7
1.1327326e-7
1.144118e-7
1.1282729e-7
1.1225238e-7
1.1297859e-7
1.12243676e-7
1.13634364e-7
