2.8110472e-7
2.6349016e-7
2.5995888e-7
2.5736702e-7
2.5362112e-7
2.511944e-7
2.4924225e-7
2.47243e-7
2.4598208e-7
2.440099e-7
2.434608e-7
2.4254302e-7
2.424644e-7
2.4192406e-7
2.4069135e-7
2.4019633e-7
2.4053188e-7
2.4088413e-7
2.3976452e-7
2.3958097e-7
2.3895993e-7
2.3811974e-7
2.3758362e-7
2.3818887e-7
2.391223e-7
2.3736085e-7
2.370946e-7
2.3758953e-7
2.3772054e-7
2.386448e-7
2.3781874e-7
2.3759797e-7
2.3666149e-7
2.3813189e-7
2.3675396e-7
2.3772427e-7
2.3906657e-7
2.3790622e-7
2.3877823e-7
2.381667e-7
2.3817908e-7
2.387163e-7
2.3822712e-7
2.38961e-7
2.3825464e-7
2.3766505e-7
2.375675e-7
2.3733236e-7
2.391908e-7
2.3562842e-7
2.364994e-7
2.3798152e-7
2.372648e-7
2.3760232e-7
2.3699758e-7
2.372933e-7
2.3817505e-7
2.3668618e-7
2.363192e-7
2.3720757e-7
2.3587322e-7
2.3644581e-7
2.3593628e-7
2.35558e-7
2.3566332e-7
2.35084e-7
2.3630953e-7
2.35914e-7
2.3594802e-7
2.3566754e-7
2.349176e-7
2.3520722e-7
2.3446489e-7
2.343302e-7
2.3511056e-7
2.3647682e-7
2.3432781e-7
2.3525759e-7
2.3454811e-7
2.3531975e-7
2.3401442e-7
2.3478785e-7
2.3420435e-7
2.3508284e-7
2.3334597e-7
2.3394766e-7
2.3341208e-7
2.3463804e-7
2.333454e-7
2.3392884e-7
2.3400274e-7
2.3457669e-7
2.3376072e-7
2.3366275e-7
2.3424386e-7
2.3377166e-7
2.3283977e-7
2.3333958e-7
2.3421798e-7
2.329427e-7
2.3251008e-7
2.3389985e-7
2.3341977e-7
2.3331113e-7
2.3267113e-7
2.3278902e-7
2.3260377e-7
2.338909e-7
2.3154053e-7
2.3183769e-7
2.3264231e-7
2.3345116e-7
2.3312938e-7
2.332349e-7
2.3290032e-7
2.3262227e-7
2.3301028e-7
2.3170755e-7
2.310729e-7
2.3218514e-7
2.3274652e-7
2.3196742e-7
2.3371999e-7
2.314757e-7
2.3168285e-7
2.3204001e-7
2.313775e-7
2.3160932e-7
2.3081076e-7
2.3269055e-7
2.3138156e-7
2.315869e-7
2.3145539e-7
2.3075857e-7
2.3213079e-7
2.3188979e-7
2.327968e-7
2.3069275e-7
2.3212807e-7
2.3011995e-7
2.3133963e-7
2.311337e-7
2.3158262e-7
2.3178266e-7
2.3275891e-7
2.3153255e-7
2.3095386e-7
2.3201154e-7
2.3029449e-7
2.312355e-7
2.3072242e-7
2.3160412e-7
2.3059368e-7
2.3140404e-7
2.3101694e-7
2.301859e-7
2.2933904e-7
2.315451e-7
2.3065083e-7
2.3043215e-7
2.3002318e-7
2.3128129e-7
2.3167586e-7
2.3126373e-7
2.2972112e-7
2.3077945e-7
2.3001124e-7
2.3060174e-7
2.3109742e-7
2.2939905e-7
2.3024799e-7
2.3058772e-7
2.3004993e-7
2.2966852e-7
2.2969627e-7
2.3110853e-7
2.3014746e-7
2.2989104e-7
2.3008178e-7
2.2940317e-7
2.3044286e-7
2.3045992e-7
2.3075219e-7
2.2955635e-7
2.3034096e-7
2.3001888e-7
2.293072e-7
2.2943797e-7
2.3035665e-7
2.2918282e-7
2.2927352e-7
2.2917065e-7
2.296718e-7
2.287903e-7
2.2928404e-7
2.2905773e-7
2.3065377e-7
2.2977875e-7
2.3013534e-7
2.2958555e-7
2.2821968e-7
2.3067277e-7
2.3024066e-7
2.2928353e-7
2.294883e-7
2.3010645e-7
2.294384e-7
2.2874279e-7
2.2958423e-7
2.2951912e-7
2.2884811e-7
2.2942382e-7
2.3065809e-7
2.2959179e-7
2.2891685e-7
2.2910751e-7
2.2895036e-7
2.2946111e-7
2.2786278e-7
2.2933531e-7
2.2889417e-7
2.2968716e-7
2.2944518e-7
2.2799796e-7
2.2918051e-7
2.2841287e-7
2.2848005e-7
2.289526e-7
2.2832421e-7
2.291889e-7
2.2979992e-7
2.2844618e-7
2.2936527e-7
2.3027894e-7
2.2949953e-7
2.2868593e-7
2.2816778e-7
2.2874835e-7
2.2910598e-7
2.2814233e-7
2.2882952e-7
2.277918e-7
2.292065e-7
2.2755643e-7
2.2771336e-7
2.2909988e-7
2.2786163e-7
2.2842636e-7
2.2842359e-7
2.2898972e-7
2.2895325e-7
2.2828175e-7
2.284584e-7
2.2851017e-7
2.2840878e-7
2.2866527e-7
2.2800378e-7
2.2898084e-7
2.279943e-7
2.2755808e-7
2.2769721e-7
2.282637e-7
2.2803981e-7
2.2864724e-7
2.2831964e-7
2.2815438e-7
2.2857765e-7
2.2779122e-7
2.285081e-7
2.2839852e-7
2.2841569e-7
2.2787712e-7
2.279162e-7
2.2772046e-7
2.2863435e-7
2.2864594e-7
2.2777638e-7
2.2795024e-7
2.2770388e-7
2.2852689e-7
2.2778707e-7
2.2825719e-7
2.2694792e-7
2.2834254e-7
2.2727988e-7
2.280786e-7
2.2796385e-7
2.2730939e-7
2.276787e-7
2.2796806e-7
2.2751229e-7
2.2873589e-7
2.2801665e-7
2.2696013e-7
2.275972e-7
2.2821672e-7
2.2750406e-7
2.280229e-7
2.2707478e-7
2.2638302e-7
2.2809255e-7
2.2803896e-7
2.2728392e-7
2.2861883e-7
2.2714313e-7
2.2757692e-7
2.2790472e-7
2.264916e-7
2.2877714e-7
2.2854523e-7
2.271539e-7
2.276858e-7
2.2771582e-7
2.2631981e-7
2.2686031e-7
2.2757436e-7
2.2670825e-7
2.2682681e-7
2.2748533e-7
2.2792588e-7
2.2748019e-7
2.2658284e-7
2.2770377e-7
2.2688927e-7
2.2588627e-7
2.2806395e-7
2.2693233e-7
2.2703577e-7
2.2737817e-7
2.2899403e-7
2.2686503e-7
2.2692605e-7
2.2732839e-7
2.26517e-7
2.2859463e-7
2.2609485e-7
2.2676464e-7
2.2679937e-7
2.2747409e-7
2.2687549e-7
2.2701829e-7
2.2787397e-7
2.265666e-7
2.2781352e-7
2.262594e-7
2.2778411e-7
2.2776219e-7
2.2766785e-7
2.254427e-7
2.2591666e-7
2.2613249e-7
2.2574068e-7
2.2603118e-7
2.2781552e-7
2.2684573e-7
2.2709116e-7
2.2822952e-7
2.269143e-7
2.264138e-7
2.2668777e-7
2.2619773e-7
2.2621155e-7
2.259435e-7
2.2707144e-7
2.2675134e-7
2.2713635e-7
2.2658956e-7
2.2709594e-7
2.2675317e-7
2.2623206e-7
2.2621471e-7
2.2694705e-7
2.2730835e-7
2.2692676e-7
2.262872e-7
2.2689223e-7
2.2608123e-7
2.2658469e-7
2.2640478e-7
2.2761505e-7
2.258017e-7
2.2627798e-7
2.2781245e-7
2.2573936e-7
2.2640613e-7
2.261333e-7
2.2603142e-7
2.2575863e-7
2.2635611e-7
2.2677429e-7
2.2671253e-7
2.2693263e-7
2.2629332e-7
2.2628652e-7
2.2654899e-7
2.2642162e-7
2.2600823e-7
2.2714647e-7
2.269419e-7
2.2750923e-7
2.2658841e-7
2.2512845e-7
2.2631095e-7
2.2665583e-7
2.2610367e-7
2.2614316e-7
2.2624073e-7
2.2607972e-7
2.2613288e-7
2.2632683e-7
2.2669502e-7
2.2598326e-7
2.2562995e-7
2.2686979e-7
2.2579277e-7
2.254169e-7
2.2591355e-7
2.2620756e-7
2.2725136e-7
2.267812e-7
2.2647659e-7
2.2567983e-7
2.2685086e-7
2.2602141e-7
2.2565494e-7
2.2602788e-7
2.2635909e-7
2.244047e-7
2.2582351e-7
2.2628046e-7
2.2567794e-7
2.2699389e-7
2.2595813e-7
2.269444e-7
2.2629581e-7
2.2548171e-7
2.2550427e-7
2.2668688e-7
2.2602796e-7
2.2576424e-7
2.2665594e-7
2.2583106e-7
2.2616824e-7
2.2590808e-7
2.2617812e-7
2.2612035e-7
2.2601631e-7
2.2554147e-7
2.2635922e-7
2.2574278e-7
2.259218e-7
2.2699959e-7
2.2608315e-7
2.2597328e-7
2.2551453e-7
2.2481058e-7
2.2520341e-7
2.2735198e-7
2.2484646e-7
2.2640243e-7
2.2604993e-7
2.2480789e-7
2.2470921e-7
2.2572897e-7
2.2515748e-7
2.2601556e-7
2.2504187e-7
2.2494014e-7
2.2599136e-7
2.2604763e-7
2.2562268e-7
2.262226e-7
2.2638368e-7
2.2629828e-7
2.2750105e-7
2.2482443e-7
2.2515584e-7
2.2625895e-7
2.2559739e-7
2.2551325e-7
2.2643106e-7
2.2558875e-7
2.2621451e-7
2.2529738e-7
2.2551181e-7
2.2536754e-7
2.2470459e-7
2.2692434e-7
2.2542095e-7
2.2479023e-7
2.2528042e-7
2.2556554e-7
2.250183e-7
2.2559875e-7
2.255085e-7
2.2634426e-7
2.2615951e-7
2.2589025e-7
2.2529416e-7
2.250971e-7
2.2665255e-7
2.2509113e-7
2.2575959e-7
2.2540948e-7
2.254477e-7
2.2446575e-7
2.2457716e-7
2.2505068e-7
2.2542464e-7
2.253466e-7
2.2588063e-7
2.2435239e-7
2.2590753e-7
2.2564913e-7
2.2508242e-7
2.2644781e-7
2.265797e-7
2.2499015e-7
2.256163e-7
2.2530593e-7
2.2521213e-7
2.2535438e-7
