0.01987872
0.031349435
0.039731115
0.07743791
0.11806639
0.16163963
0.20047627
0.23917198
0.27260825
0.29833406
0.31697896
0.3397908
0.3597043
0.37966254
0.567436
0.56415766
0.571569
0.5816215
0.5856869
0.5924184
0.5980983
0.6013753
0.610262
0.6140286
0.61702424
0.6197166
0.73842984
0.7259764
0.72969836
0.7244822
0.7217007
0.7228769
0.71621513
0.7133129
0.71096313
0.69833565
0.7012891
0.6945128
0.78154886
0.78310364
0.77837324
0.78302866
0.78779656
0.790917
0.7994164
0.7976404
0.8001926
0.8142451
0.8135983
0.81775
0.89480376
0.8992626
0.9027963
0.91421497
0.91525126
0.92383325
0.92149764
0.92906624
0.92949104
0.9395231
0.94820696
0.9454577
1.009139
1.0129621
1.013574
1.0106848
1.0043771
1.011464
0.9991424
1.0037323
1.0012128
1.0029967
1.0023851
1.0000772
0.9982241
0.9988173
0.9972046
0.99696463
0.99789256
0.9956064
0.99407977
1.0009626
0.9918686
0.9969081
0.99676776
0.99703324
0.9911712
0.9907929
0.9941854
0.99275327
0.99420166
0.9920405
0.9899835
0.9932775
0.99412364
0.9883799
0.9939204
0.9874815
0.98996454
0.99040073
0.99610966
0.9935504
0.98705816
0.99184895
0.99450684
0.9920842
0.9844434
