0.52259
0.4802519
0.61134887
0.5217937
0.4423373
0.38925236
0.35223418
0.32309487
0.29900637
0.28441012
0.27231762
0.2635083
0.25183824
0.2421335
0.24117789
0.23099291
0.22409649
0.21609956
0.21388002
0.20592873
0.20064206
0.19535959
0.19308351
0.18993145
0.18799977
0.18333104
0.18803467
0.18374279
0.18308389
0.18201649
0.18001738
0.1754253
0.17440471
0.17111349
0.16993701
0.16710347
0.16548294
0.16306554
0.16780113
0.16546078
0.16371085
0.16161299
0.16255054
0.1591627
0.16340654
0.15887302
0.15741403
0.15886794
0.15806004
0.15775572
0.15871187
0.15875697
0.15732391
0.1578999
0.15650402
0.15600316
0.15615001
0.15468253
0.15528378
0.15413088
0.15567435
0.15190038
0.1558236
0.1540946
0.15419567
0.1541089
0.15308271
0.15323609
0.15240228
0.15322378
0.15198529
0.14871976
0.15135211
0.14852549
0.14795856
0.14783105
0.14642791
0.1466993
0.14677714
0.14556403
0.14580135
0.14589407
0.14493048
0.14541203
0.1443357
0.14653288
0.14383103
0.14230794
0.14400524
0.1442804
0.1412947
0.140849
0.14149915
0.14152943
0.141765
0.13997616
0.14156802
0.1398931
0.13950476
0.13950093
0.13864203
0.13825686
0.1394821
0.13961796
0.14108084
0.13767013
0.13760932
