1.0895452
1.0029647
1.2600647
1.1788116
1.0917165
1.0250621
0.96738136
0.9188028
0.8805495
0.8547232
0.83160794
0.81925184
0.7961855
0.7797164
0.7771493
0.7563232
0.74110407
0.7271506
0.7231363
0.7056612
0.6922649
0.6804306
0.676174
0.6702309
0.664232
0.6535986
0.6645471
0.6535738
0.6527645
0.6503986
0.6476188
0.63464266
0.63208616
0.6246894
0.6240743
0.6158576
0.6109031
0.6060607
0.61703956
0.6130726
0.6075692
0.6023325
0.60367084
0.5942489
0.60597074
0.59456164
0.5906367
0.59564537
0.5942151
0.5922762
0.5930431
0.59370893
0.59089833
0.59111035
0.58693945
0.5878296
0.5872751
0.5844204
0.5853251
0.5831715
0.5884481
0.57714045
0.5866943
0.580391
0.5824297
0.5814673
0.5798787
0.5785514
0.5765152
0.58149457
0.57654387
0.5669922
0.5756947
0.56722116
0.5670329
0.5670005
0.5643105
0.5626199
0.56462204
0.5607329
0.56152064
0.5626501
0.5573183
0.56007934
0.5587002
0.56310445
0.5564286
0.5523402
0.5577946
0.5586341
0.54953223
0.54952544
0.5515241
0.55130464
0.5515981
0.545601
0.55300415
0.5453654
0.54466057
0.5456933
0.54456866
0.5433745
0.5454358
0.54696
0.5514576
0.5398428
0.5398836
