-1.9600017
-1.736012
-1.4310071
-1.4055449
-1.6383654
-1.7807374
-1.8051387
-1.7796899
-1.763484
-1.6800936
-1.5894527
-1.5402011
-1.4952815
-1.4431602
-1.1163605
-1.0695305
-1.0459579
-1.0227888
-0.9927105
-0.970402
-0.94529736
-0.9206818
-0.90049994
-0.8838208
-0.85716724
-0.83524525
-0.7547634
-0.72571373
-0.71340173
-0.69073135
-0.6764134
-0.66630495
-0.643719
-0.63004124
-0.6156177
-0.5936411
-0.5855847
-0.5679726
-0.5341614
-0.5265341
-0.51707304
-0.5117974
-0.50652397
-0.5022575
-0.5010579
-0.49384144
-0.48767564
-0.48851344
-0.48304707
-0.47901833
-0.46029302
-0.4569221
-0.45301795
-0.45361462
-0.44921786
-0.4482854
-0.44351277
-0.44175443
-0.4372284
-0.43720186
-0.43557858
-0.43228045
-0.4177048
-0.41854194
-0.41905016
-0.41798443
-0.41513166
-0.417628
-0.41210216
-0.41485214
-0.41397306
-0.41485855
-0.41401562
-0.41364622
-0.41242665
-0.4125295
-0.4126974
-0.41225165
-0.41309825
-0.41091135
-0.4110048
-0.41266024
-0.41004735
-0.41170448
-0.41250914
-0.41124675
-0.40886137
-0.40971267
-0.4105966
-0.40947235
-0.41138285
-0.40946475
-0.40800962
-0.41113123
-0.40963906
-0.40899828
-0.40969324
-0.4077819
-0.4080641
-0.40831447
-0.41180828
-0.41109392
-0.40739512
-0.40853718
-0.41134992
-0.40804136
-0.40623587
