0.14179045
0.062189512
0.04290258
0.014343661
0.031380683
0.051792774
0.046601824
0.035146855
0.0383614
0.03304163
0.030016707
0.030272631
0.028658459
0.02883408
0.02380064
0.024061851
0.019662641
0.020935
0.020818735
0.01800913
0.01894407
0.016944125
0.015353108
0.015668606
0.014782458
0.011490998
0.012416083
0.010967143
0.011768136
0.009023716
0.008855029
0.009149194
0.009331945
0.007846181
0.0067797676
0.007795455
0.0063448586
0.007831429
0.0042042523
0.0040931483
0.005631146
0.00452904
0.0050649433
0.0050702537
0.0043134606
0.0039723245
0.0048005404
0.005213758
0.0053973095
0.0049631535
0.0047770427
0.0043375837
0.004030151
0.0039403923
0.004252992
0.0035392558
0.002925887
0.0026657244
0.002952802
0.0025883012
0.0031839465
0.0034305842
0.002876267
0.0030108427
0.0036168045
0.0024298916
0.0030648164
0.0025622232
0.0033918766
0.0027576056
0.003266405
0.0031080926
0.0038451836
0.0026028128
0.0030504507
0.0020547006
0.0023224505
0.0024849467
0.0026915856
0.0017551472
0.002778896
0.0032122377
0.0029008049
0.0036136976
0.002652646
0.0028092256
0.002792675
0.0020276792
0.002675654
0.0024091594
0.002968937
0.0031793674
0.0022540516
0.0021759984
0.0022015006
0.0020416083
0.001676488
0.002633706
0.0018050569
0.0018142405
0.0024529656
0.0020238499
0.0028918232
0.0019396528
0.0018206743
0.0023994236
0.0022841743
