1.2903767
0.91273683
6.75576
5.571669
4.302369
3.538799
3.0847318
2.7196295
2.4362934
2.2615983
2.129632
2.02419
1.9059331
1.7978591
1.7823339
1.6749407
1.6079495
1.5246133
1.508441
1.4224377
1.3776981
1.3204764
1.3046787
1.2699496
1.2518436
1.2123493
1.2501119
1.2168596
1.204427
1.1953754
1.1810212
1.1419951
1.129201
1.0983474
1.0890137
1.0642474
1.0537517
1.0288444
1.0711812
1.0471209
1.032913
1.0160764
1.0231284
0.9964853
1.029071
0.99142313
0.9807935
0.9950396
0.98564845
0.9817558
0.989732
0.99143547
0.97806525
0.98123723
0.97382617
0.9646098
0.9722981
0.9545649
0.9638624
0.95408875
0.9643818
0.93205047
0.96516955
0.95090824
0.9512491
0.94980377
0.9419773
0.94073874
0.9420231
0.9429075
0.9340088
0.9076786
0.9294151
0.9053261
0.8982245
0.89700294
0.88780457
0.8884717
0.88953495
0.87923294
0.87964463
0.8808242
0.8781831
0.8799604
0.8689596
0.8883615
0.8629049
0.8535253
0.8658795
0.8692938
0.8445032
0.8401625
0.84365666
0.8450141
0.84749436
0.8356798
0.8474165
0.8333989
0.828978
0.83052224
0.8224645
0.8204024
0.8303679
0.8291177
0.83603626
0.8153578
0.81173646
