2.9025078
2.3959558
8.627166
7.272275
5.8364186
4.9531126
4.404347
3.9615269
3.6158485
3.4007359
3.2335548
3.1069508
2.9539583
2.8197062
2.8006618
2.6622543
2.5731506
2.4678638
2.4454563
2.334028
2.2706053
2.196266
2.1739383
2.1301126
2.1040747
2.0492766
2.1026938
2.0541763
2.0402727
2.0277917
2.0086586
1.9520626
1.9356915
1.894151
1.8830242
1.8472081
1.8301387
1.7979696
1.8560216
1.8256565
1.8041925
1.7800207
1.7893502
1.7498972
1.7984482
1.744858
1.728845
1.7495514
1.7379221
1.7317865
1.7414868
1.7439018
1.7262883
1.7302465
1.7172688
1.7084423
1.7157235
1.6936675
1.7044704
1.691391
1.7085042
1.6610916
1.707689
1.6853943
1.6878743
1.6853803
1.6749375
1.6725256
1.6709384
1.6776253
1.6625397
1.6233908
1.656462
1.621072
1.6132163
1.6118362
1.5985419
1.5977918
1.6009339
1.5855304
1.5869673
1.5893676
1.5804331
1.5854516
1.5719973
1.5980003
1.563165
1.5481732
1.5676806
1.5722073
1.5353286
1.5305357
1.5366801
1.5378486
1.5408572
1.5212581
1.5419879
1.5186571
1.5131435
1.5157169
1.5056734
1.5020343
1.5152856
1.5156975
1.5285769
1.4928708
1.4892286
