4.245157
1.3475984
4.5062447
1.5753667
1.2000724
1.0559162
0.9596637
0.93151516
0.87197715
0.8353393
0.7823503
0.73973745
0.7012905
0.6762968
0.56365746
0.5307521
0.5003103
0.47946554
0.45946804
0.4393721
0.42287675
0.40517783
0.39366734
0.37561536
0.36427793
0.3534263
0.32085544
0.30774266
0.30059132
0.2910691
0.2813034
0.2713811
0.26424667
0.2541766
0.2450375
0.23547828
0.22855744
0.22033416
0.207713
0.20249519
0.19542056
0.18967833
0.1888829
0.1841334
0.18266766
0.17859946
0.17605914
0.17677158
0.17196155
0.17052367
0.16352078
0.16142948
0.16013682
0.15912779
0.15728417
0.15576397
0.15312722
0.15261875
0.150807
0.14932801
0.14938092
0.14594184
0.14224052
0.14299758
0.14217298
0.1409203
0.13990803
0.13983338
0.13888253
0.13774449
0.13721311
0.13666156
0.13670929
0.13511239
0.13491295
0.13474214
0.13385943
0.13359635
0.13277106
0.13311268
0.13298984
0.13398257
0.13204196
0.13228254
0.13148269
0.13307264
0.13196543
0.1305532
0.13178518
0.13190131
0.12995246
0.13066643
0.1312752
0.1297539
0.13027525
0.12973431
0.13030794
0.12911169
0.1300887
0.12961628
0.12946858
0.12882297
0.12934203
0.13008156
0.12901609
0.13011628
0.1276573
