2.1769903
1.6376675
2.133302
0.97640073
0.86460024
0.88808405
0.93646926
0.9131248
0.9502901
0.98563415
1.0570464
1.1459047
1.2059904
1.2549425
1.0509257
1.0959883
1.2055433
1.2830834
1.3099813
1.3662448
1.3984802
1.4240257
1.4611905
1.4901354
1.4948833
1.4978786
1.3684409
1.3558797
1.3699559
1.3668841
1.3726915
1.4059635
1.395314
1.421308
1.4408244
1.4190028
1.448346
1.4505361
1.3602983
1.3784059
1.3680034
1.3985432
1.383016
1.3898249
1.3979372
1.3809999
1.3732975
1.3848262
1.3832448
1.3729538
1.3112051
1.3117672
1.3020375
1.3197058
1.3091328
1.3216219
1.3035048
1.3045326
1.2903081
1.3058181
1.3031362
1.2925568
1.2328966
1.242069
1.2479413
1.2530891
1.2453088
1.267332
1.2444429
1.2656977
1.2673349
1.2747303
1.2737018
1.2844788
1.2770964
1.2805934
1.2832917
1.2861089
1.2963094
1.2894932
1.2849591
1.2991577
1.2876253
1.3018135
1.306887
1.2957929
1.2923717
1.3020595
1.2986443
1.2961205
1.3155562
1.3065988
1.2939868
1.3143613
1.31473
1.3027405
1.316228
1.308577
1.3103501
1.3118494
1.3292634
1.3286105
1.3077849
1.3138589
1.328428
1.3162102
1.3167884
