0.12908202
0.088034295
0.07927193
0.07471731
0.07213739
0.06996809
0.06888822
0.06780419
0.06776195
0.06554
0.0647461
0.065907866
0.06486839
0.06534783
0.0650878
0.06486922
0.06503967
0.06491216
0.064049855
0.06360098
0.06387753
0.06398165
0.0640686
0.06334903
0.063912176
0.06335463
0.06375144
0.06318412
0.063432075
0.06293959
0.06392086
0.062939115
0.063324735
0.06267884
0.062982485
0.06282843
0.062501915
0.06267395
0.06323465
0.06272389
0.06262862
0.06241862
0.06290168
0.06295104
0.0618782
0.062197942
0.062599316
0.062176682
0.063146524
0.06177546
0.062309116
0.062128916
0.062545486
0.061990723
0.061891627
0.061778687
0.062021043
0.062122364
0.062059212
0.06251715
0.062043697
0.062181756
0.06179193
0.061756276
0.061654374
0.0618508
0.062023915
0.06198437
0.06195152
0.061631575
0.062463123
0.0621017
0.061723962
0.061429128
0.06170622
0.062032197
0.061843228
0.06095363
0.061840545
0.06143841
