0.64694256
0.6082789
0.60246646
0.59277225
0.59336036
0.59044445
0.5910761
0.58937
0.5928965
0.5922665
0.5902929
0.5880754
0.58616877
0.59044534
0.58639604
0.5896148
0.5908422
0.5882736
0.5883126
0.5878
0.5921479
0.586775
0.587826
0.58637905
0.5882587
0.58992976
0.5875124
0.58833086
0.5877799
0.586838
0.5873266
0.5882383
0.5871906
0.5892191
0.5868236
0.5881909
0.586388
0.5869655
0.58746415
0.5881065
0.5873836
0.58519673
0.58717746
0.5892682
0.58881557
0.58626044
0.58822525
0.5897907
0.5925345
0.5853292
0.5851847
0.585799
0.5884535
0.58553714
0.58697516
0.5866558
0.5869246
0.58681715
0.5893565
0.5860969
0.588483
0.5860878
0.58985144
0.5880967
0.58741516
0.58799165
0.5878844
0.5857237
0.5868107
0.5863062
0.5884259
0.5898277
0.5884406
0.5866019
0.5863348
0.58581537
0.5877314
0.59112453
0.5829559
0.5885077
0.5881955
0.5844382
0.58618283
0.5849609
0.5876821
0.58673656
0.5864042
0.5884488
0.58889747
0.5892455
0.5865305
0.5872545
0.58947486
0.5861106
0.58599037
0.58512074
0.5881738
0.5860194
0.5875266
0.58635515
0.5860762
0.5856772
0.58600867
0.5853932
0.5895696
0.58681464
0.58960557
0.5857695
0.5877007
0.58790815
0.585366
0.58561254
0.5838435
0.5865997
0.587187
0.58695704
0.5871539
0.5851263
0.58222806
0.5878948
0.5851954
0.5875759
0.5876169
0.58687675
0.58526987
0.58726996
0.5857537
0.58581233
0.58911407
0.58848
0.5866442
0.58546764
0.58646536
0.58294
0.5848464
0.58514065
0.58500654
