0.6052108
0.5712116
0.56626236
0.5648905
0.56391966
0.5642311
0.5629849
0.56224895
0.5604464
0.5608565
0.5619251
0.55917656
0.5617344
0.5619014
0.56272197
0.56099206
0.5623672
0.56099576
0.5623674
0.5595807
0.56039226
0.5612873
0.55925816
0.5590577
0.5613382
0.56096697
0.5601348
0.5621563
0.5601883
0.5582373
0.561055
0.5593729
0.55922824
0.56089354
0.5611995
0.5586503
0.56044173
0.5598862
0.5586739
0.5602953
0.56120914
0.55843234
0.5587977
0.5592283
0.56099415
0.5578008
0.5591947
0.5590398
0.55985653
0.5595617
0.558551
0.55832833
0.5560153
0.5605043
0.55809385
0.55814165
0.5595666
0.5569584
0.55653024
0.55625415
0.55695784
0.5576556
0.5564346
0.5567837
0.5553937
0.5536303
0.55483574
0.5529592
0.5563768
0.55428785
0.54939383
0.55098414
0.55194205
0.55401707
0.551379
0.5464037
0.5466199
0.5457367
0.5456706
0.54719836
0.53696716
0.53705037
0.5405156
0.5412426
