0.13808939
0.16171934
0.16843739
0.16868956
0.17082842
0.16610657
0.16713
0.17244388
0.17326006
0.17268388
0.17100771
0.17187174
0.1717273
0.17657176
0.17064665
0.1756947
0.17351072
0.17923678
0.17910835
0.17561592
0.18101901
0.18193947
0.18105367
0.1814615
0.18604442
0.1870094
0.19278625
0.19709367
0.20040219
0.20369273
0.21372072
0.21466632
0.22016807
0.22687705
0.23348679
0.23874421
0.2418934
0.24545161
0.2468318
0.24976285
0.25283697
0.25408688
0.2537396
0.2546957
0.2585607
0.2576619
0.26115915
0.25947624
0.26474068
0.2644318
0.26752523
0.26485413
0.26583117
0.26715803
0.2678898
0.2671236
0.266211
0.26901892
0.2682836
0.2684841
0.27135795
0.26947597
0.27002737
0.274458
0.27221134
0.27485198
0.27217454
0.27178097
0.27706355
0.27672657
0.2718861
0.27332398
0.2796374
0.27424788
0.27507234
0.27452052
0.27763447
0.27562386
0.27703777
0.27406442
0.27744114
0.27717835
0.27948016
0.2808913
0.2802269
0.2818244
0.2815236
0.28236717
0.28323334
0.28445756
