0.5715095
0.53686816
0.53723353
0.53354293
0.5292199
0.52754146
0.52186596
0.517787
0.517596
0.51831484
0.51584435
0.51756823
0.514362
0.516457
0.51309913
0.50972754
0.50559187
0.5102284
0.51311773
0.5088602
0.4993861
0.51072377
0.5032124
0.5064795
0.50688124
0.5082167
0.5108063
0.5000682
0.51029795
0.49012905
0.5018104
0.50713384
0.49362144
0.49368656
0.49366513
0.4901701
0.48302162
0.48725352
0.48870435
0.48665667
0.48823762
0.485769
0.48459744
0.4797468
0.49010906
0.48241183
0.4773322
0.47952703
0.48791075
0.47932655
0.48221812
0.47992203
0.4781314
0.4770289
0.47871256
0.47653347
0.48125264
0.47543788
0.4772907
0.4794694
0.48116177
0.47358558
0.4753592
0.48048937
0.47963035
0.4707729
0.47917375
0.47652003
0.47439533
0.47666284
0.47013828
0.47319385
0.47231486
0.47898057
0.47021028
0.47640428
0.46831208
0.47192848
0.4724115
0.47644052
0.47309983
0.47729516
0.47603935
0.47213027
0.48165914
0.46920973
0.465389
0.47129866
0.47357956
0.47309726
