1.1562452
1.0856293
1.0688655
1.0664226
1.0592246
1.0539802
1.0490234
1.0427401
1.0369408
1.0385921
1.0303996
1.0292044
1.023017
1.024317
1.0236738
1.0166335
1.0175098
1.012123
1.0139813
1.0101968
1.0033472
1.012676
1.0036663
1.0020236
1.0042534
1.0019077
1.0021548
0.9959691
1.0008048
0.9911721
0.99068826
0.9918241
0.9864709
0.9863707
0.9852261
0.9756373
0.9758427
0.9751939
0.97567445
0.96975154
0.97408587
0.9691247
0.9670839
0.96684986
0.968468
0.9607296
0.95845294
0.9594106
0.9615003
0.96005523
0.9570262
0.9582285
0.95827836
0.95357484
0.9576145
0.9541993
0.95453703
0.9535177
0.95275086
0.9532951
0.9550393
0.9510913
0.951762
0.9520579
0.95274156
0.9489534
0.95112497
0.9513858
0.9452679
0.956321
0.9466008
0.94876695
0.9436471
0.9506912
0.94595927
0.9457846
0.94513535
0.94580835
0.9454076
0.94376683
0.94556457
0.94725776
0.95092237
0.9448971
0.94450384
0.9411121
0.9356002
0.9435892
0.94444776
0.9419337
