0.0018839223
0.0011348012
0.00019406357
-0.0012916459
-0.0018750209
-0.0007920894
-0.00035421413
-0.0018056573
-0.00017224957
0.00030187727
0.000672618
0.0009633444
0.0006844153
0.0002232633
0.00094658555
0.00048156994
0.00034268576
0.0006741801
0.000954785
0.00035122948
0.00085659255
0.0003163595
0.0005435948
0.00036419512
0.0005748598
0.00047408152
9.1905065e-5
-0.000109180866
0.00038316482
0.00038210905
0.0007027424
0.00053073774
0.00040927195
-0.00012825977
0.00016669415
0.00015161421
0.00014253185
0.00027024213
0.00022051188
0.00019315892
0.00045935137
0.00026266667
0.00034855783
0.0003821121
0.00017965292
0.0006954129
0.00084228703
0.0012379102
0.0011554717
0.0009640953
0.00096911716
0.001209732
0.0010787366
0.0012880324
0.0006572461
0.0010976201
0.00088872033
0.00071453373
0.0007089117
0.0009734209
0.00016725302
0.00034015003
0.0011528598
0.00094799045
0.00043196583
0.0008713003
0.00026089104
0.0008223754
0.00057593215
0.00026528264
-5.608869e-5
0.00018535
0.0005176582
0.0008792303
0.0006257181
0.00048000852
0.00037556305
0.00068533246
0.00048170408
-7.745656e-5
0.00039922894
0.0006487015
0.0002208711
0.00013326925
4.029628e-5
5.6440265e-5
0.00021051308
0.0006765979
0.00052238064
-7.460678e-5
