-0.046302374
-0.0621111
-0.064265385
-0.06351288
-0.06670818
-0.06641318
-0.06791717
-0.070859514
-0.07125866
-0.07051272
-0.070450656
-0.070278995
-0.07029919
-0.07304911
-0.07019208
-0.07240982
-0.071561985
-0.073504075
-0.07408454
-0.07257614
-0.07447688
-0.07484848
-0.07556363
-0.075165294
-0.0766374
-0.077389926
-0.080069765
-0.0817711
-0.08429367
-0.085266866
-0.08949931
-0.0896639
-0.09110309
-0.09422283
-0.09577406
-0.099202655
-0.09996892
-0.101920575
-0.10199802
-0.10367607
-0.10567297
-0.10562006
-0.10510827
-0.10580599
-0.107522115
-0.10738982
-0.10786247
-0.10834371
-0.10993958
-0.10971547
-0.110969305
-0.11063064
-0.11067686
-0.1111484
-0.11168692
-0.11141914
-0.11061515
-0.11231376
-0.1122793
-0.111113966
-0.11326514
-0.112637125
-0.11225673
-0.11444447
-0.11341713
-0.11425193
-0.11371227
-0.11344331
-0.11468578
-0.11556372
-0.112965204
-0.11441193
-0.11672818
-0.114378616
-0.11439458
-0.11450567
-0.11537988
-0.11509095
-0.1150529
-0.11470925
-0.115798
-0.11554864
-0.11606838
-0.11687344
-0.117311396
-0.116824836
-0.118202746
-0.117983766
-0.11798638
-0.11908335
