1.8351914
1.4976764
1.4501553
1.4402097
1.3906926
1.3390738
1.3113679
1.2941586
1.2537177
1.2437485
1.2355505
1.2272606
1.207412
1.2069167
1.1929524
1.1770992
1.1719856
1.1700858
1.174161
1.1617577
1.1405259
1.1553223
1.1457741
1.1379756
1.1423938
1.1238061
1.1078279
1.0978856
1.0950532
1.0664676
1.0588342
1.052685
1.0482264
1.0286735
1.0121086
0.98846585
0.9762178
0.9694926
0.9631278
0.949962
0.95091057
0.93665886
0.93485504
0.92398757
0.9328242
0.9132535
0.91544497
0.9138334
0.9099123
0.9098531
0.8960001
0.88813287
0.88892674
0.8775822
0.8879049
0.87063766
0.87189317
0.8647119
0.8669903
0.86625654
0.8694463
0.86037403
0.8564869
0.85547525
0.8606689
0.8518413
0.85981315
0.8472703
0.8375651
0.8585182
0.8396673
0.8431217
0.8365955
0.851412
0.837941
0.83943355
0.8381468
0.83652747
0.8404628
0.8435337
0.83577
0.8411776
0.845075
0.83475965
0.8287724
0.8273636
0.820654
0.82768726
0.8292748
0.8274637
