3.5629485
3.1201754
3.0562525
3.0401766
2.9791389
2.9205961
2.8822567
2.854683
2.8082533
2.8006563
2.7817962
2.7740345
2.74479
2.7476892
2.7297254
2.7034612
2.695086
2.6924372
2.7012594
2.6808152
2.6432605
2.6787226
2.6526518
2.6464803
2.6535292
2.6339312
2.620787
2.5939224
2.6061552
2.5477688
2.551332
2.5516424
2.5283191
2.5087302
2.4910011
2.454272
2.4350824
2.4319394
2.4275064
2.4063704
2.4132345
2.3915493
2.3865361
2.3705842
2.3914003
2.3563945
2.3512335
2.3527727
2.359323
2.3492358
2.3352454
2.3262823
2.3253372
2.308188
2.3242295
2.3013706
2.3076842
2.2936666
2.2970319
2.2990212
2.3056479
2.285053
2.2836082
2.2880242
2.2930393
2.2715654
2.2901127
2.2751763
2.257228
2.291502
2.256407
2.265084
2.2525566
2.281085
2.2541096
2.2616234
2.251595
2.254264
2.2582831
2.2637427
2.2544346
2.2657292
2.272037
2.2517877
2.254937
2.2376869
2.221644
2.2425766
2.2473006
2.2424946
