0.008695188
0.006269007
0.0077620833
0.013557311
0.0321125
0.05316216
0.06291111
0.074274324
0.08957742
0.105980046
0.11563121
0.12443845
0.12914968
0.1371381
0.13324606
0.14364
0.14399023
0.1539092
0.1554555
0.15349732
0.16604258
0.1688863
0.17237121
0.17694229
0.17676108
0.18622385
0.19252071
0.20547292
0.2096453
0.21656
0.23130663
0.22853492
0.22915162
0.24068898
0.24618833
0.25304455
0.2608492
0.2668788
0.27168864
0.28243855
0.2916918
0.3001684
0.30244488
0.30422112
0.31307217
0.31832045
0.32636684
0.32904527
0.33649966
0.3413139
0.34678197
0.34942243
0.35298875
0.3567743
0.36135012
0.3609797
0.35905567
0.37063834
0.3724405
0.3631927
0.3785161
0.37466162
0.37482014
0.38588434
0.38051555
0.38688803
0.37943935
0.3798653
0.38968155
0.3975948
0.38142046
0.39118844
0.40381438
0.3904392
0.39092863
0.3893239
0.39734417
0.39678204
0.39748284
0.389746
0.4004143
0.39976394
0.3994224
0.4093749
0.41084388
0.40992197
0.41833842
0.41782537
0.41679
0.42454648
