0.051870897
0.06262113
0.064767726
0.06309455
0.059181772
0.053218205
0.0509946
0.04984351
0.047090575
0.04420578
0.04199472
0.0409563
0.04004765
0.040600926
0.038883
0.03924761
0.03832513
0.039029952
0.038710237
0.03755552
0.037857883
0.03780677
0.036915302
0.036520556
0.038191967
0.03740531
0.038661797
0.038666442
0.03928724
0.039715882
0.041664224
0.04230482
0.044013895
0.045013875
0.046643212
0.046961315
0.04676432
0.04663823
0.04617113
0.045642324
0.04516401
0.0443557
0.043689907
0.043334
0.043613747
0.042419884
0.042646524
0.04130139
0.042152047
0.04109262
0.041057643
0.039394606
0.038815625
0.038359154
0.037984338
0.037515197
0.037400488
0.036944754
0.03641698
0.037598383
0.036649257
0.036294576
0.036663115
0.036625456
0.03670727
0.036788058
0.036611557
0.03642689
0.037338007
0.03617666
0.036515515
0.03571527
0.036586918
0.036078297
0.03627811
0.03618761
0.036364656
0.035787337
0.036124475
0.035878193
0.036039833
0.03586736
0.036758143
0.036145125
0.035682615
0.036467094
0.035320513
0.035545412
0.035908666
0.035458446
