0.75812376
0.6738833
0.6723523
0.67342305
0.6714601
0.752414
0.6830991
0.6679991
0.6699412
0.67131495
0.68316686
0.67145765
0.24364072
0.12200008
0.111522265
0.10279642
0.10121161
0.09487773
0.09217225
0.09117553
0.087062046
0.08476375
0.0852541
0.08518363
0.08158197
0.082436696
0.07914864
0.07990963
0.080285005
0.07916427
0.079298556
0.07782268
0.07969738
0.076717004
0.07680891
0.07461656
0.07551195
0.07542013
0.07307429
0.07315497
0.07220991
0.0726206
0.0734743
0.073292114
0.07415295
0.0764049
0.07193646
0.071249
0.07139039
0.0707557
0.071413174
0.07224457
0.06705097
0.06828652
0.07127652
0.07089478
0.06847815
0.06744284
0.06971206
0.06868857
0.06862539
0.07112434
0.06843398
0.068909384
0.06842609
0.06832071
0.06939404
0.0681932
0.06941894
0.0655472
0.068066195
0.06842154
0.07062074
0.069432184
0.06953371
