0.032395065
0.058681935
0.08274255
0.095878504
0.103573486
0.11054418
0.11559008
0.122784905
0.12816027
0.14012662
0.15407987
0.16251074
0.17404714
0.17845704
0.18343222
0.18940668
0.19863357
0.20547828
0.20705378
0.2144838
0.22046287
0.22630304
0.22660673
0.22764917
0.2300255
0.22811575
0.22746736
0.22612235
0.22641414
0.22622328
0.22449057
0.22574288
0.22521155
0.22477917
0.22341926
0.22305147
0.22202855
0.22250326
0.22263883
0.22300822
0.22190918
0.22266799
0.22116381
0.22098592
0.22135186
0.22215335
0.22379957
0.22368032
0.22276121
0.22365701
0.22475892
0.2249909
0.22592445
0.2263321
0.22911444
0.23023282
0.23126602
0.23229045
0.23117751
0.23363277
0.23159939
0.23524013
0.23597398
0.23565595
0.23546089
0.23705599
0.23640628
0.23814282
0.23905726
0.23712093
0.2400281
0.23934604
0.23923409
0.2383966
0.2397561
0.24161403
0.24201864
0.23991124
0.2393798
0.24043268
0.2395882
0.24195649
0.24186252
0.2402518
0.24174684
0.2412288
0.24101408
0.24006902
0.24118106
0.24294099
0.24208461
0.24414255
0.24371484
0.24147816
0.24297835
0.24415673
0.24395767
0.24424195
0.24354385
0.2447852
0.24402928
0.24415718
0.24646114
0.24461445
0.24479213
0.24581297
0.24583803
0.24603069
0.24585365
0.2452074
0.24584374
0.24674328
0.24510281
0.2477086
0.24602044
0.24657246
0.24703984
0.24656951
0.24643767
0.24744178
0.24662344
0.24691577
0.24789245
0.24809188
0.24928102
0.24659091
0.24769798
0.24933991
0.24922186
0.24895525
0.2486557
0.24862736
0.24865583
0.2521444
0.25108397
0.25227344
0.25157154
0.2501759
0.25395367
0.25051197
0.25140288
0.2554407
0.25426456
0.25642392
0.25820708
0.260579
0.26139772
0.2648589
0.26190317
0.26458666
0.2639283
0.26618856
0.2660924
0.26507193
0.2656073
0.26630843
0.26826984
0.26857275
0.26712582
0.26654428
0.2677727
0.26834518
0.26673654
0.26677123
0.26722375
0.26759025
0.2701698
0.26908398
0.27044594
0.27025396
0.27011967
0.27131194
0.268833
0.2707579
0.26957712
0.26928884
0.27049544
0.2681274
0.27090144
0.2713382
0.27105433
0.26960906
0.27105832
0.27175793
0.26964837
0.2711477
0.27131072
0.27131015
0.26919127
0.2699875
0.27392724
0.2740956
0.27236158
0.2728033
0.27335113
0.2731368
0.27270898
0.27511427
0.27133828
0.27417982
0.2733162
0.27335668
0.2735495
0.27480522
0.2734358
0.27277896
0.2745994
0.27366984
0.2768283
0.2750468
0.27446568
0.27457875
0.2747157
0.27642316
0.27697235
0.27562547
0.27633995
0.27843657
0.2769178
0.27623153
0.2794798
0.27804464
0.27865455
0.27889797
0.2794676
0.27990505
0.2818246
0.27981335
0.28134638
0.28121936
0.2813516
0.28084475
0.28108338
0.28300977
0.2811716
0.28297758
0.28250423
0.2830292
0.28148055
0.28153175
0.2834861
0.2801818
0.28417176
0.2810608
0.2830653
0.28279367
0.28463152
0.2834188
0.28132862
0.2830842
0.28315887
0.28437465
0.28452718
0.2850448
0.28518197
0.28410956
0.2860884
0.28510916
0.28419942
0.28495303
0.2847566
0.28352517
0.2850941
0.2848725
0.28595784
0.28412676
0.2847288
0.28535432
0.28499946
0.28486127
0.2849407
0.28719622
0.28533956
0.28632322
0.2845816
0.28715748
0.28475624
0.28588355
0.2848542
0.28521484
0.28424352
0.2858106
0.28677934
0.29004106
0.28651163
0.28691447
0.28500324
0.286588
0.28530583
