0.55635405
0.51688147
0.50061214
0.5008162
0.4864052
0.49171624
0.48296654
0.4892932
0.48644948
0.4821544
0.48728195
0.47915816
0.4820812
0.47627208
0.47556123
0.47176343
0.47681937
0.46454713
0.46848455
0.46756288
0.46716493
0.46510008
0.46888554
0.47066292
0.46699792
0.46254602
0.46148357
0.45859742
0.4591758
0.4574151
0.46207502
0.46497914
0.4591436
0.45966363
0.4628677
0.4537963
0.46005368
0.4542682
0.46479622
0.45271713
0.45621297
0.4556826
0.45743334
0.45800093
0.4505991
0.4473231
0.45662102
0.45700052
0.45534766
0.45153588
0.447743
0.44901896
0.4474344
0.45019904
0.44941637
0.44212195
0.44836506
0.451861
0.4524107
0.4491406
0.4438244
0.45074585
0.44513953
0.4456197
0.44867674
0.45043972
0.44499436
0.4391385
0.44165573
0.4405355
0.44566005
0.43727106
0.4413541
0.44130114
0.44557297
0.44434246
0.441297
0.43685922
0.4404834
0.44320622
0.433931
0.4453019
0.44135714
0.4441938
0.43717372
0.43623427
0.43888646
0.43510908
0.4394064
0.44424096
0.44266698
0.44415712
0.44210002
0.44246456
0.43481606
0.43981245
0.43887675
0.4450369
0.43501565
0.43485972
0.43397665
0.43123952
0.4361431
0.439014
0.43650466
0.43688878
0.43426135
0.44068646
0.43978167
0.43844837
0.43202838
0.43795022
0.43945244
0.43764925
0.43328404
0.42590573
0.43832684
0.43997762
0.43399277
0.43481573
0.42970577
0.43377382
0.43712288
0.43499964
0.43262342
0.43442738
0.43111244
0.42785352
0.43298653
0.4333976
0.4369593
0.43354282
0.4325936
0.42997378
0.43765923
0.4317944
0.42950228
0.4357156
0.43273795
0.42896628
0.42472592
0.43640977
0.43445632
0.43176344
0.42979297
0.42521325
0.43041146
0.42416966
0.4243795
0.43119922
0.4265072
0.4317822
0.42870745
0.42793432
0.43049505
0.42389762
0.42887455
0.42105722
0.43024734
0.42590377
0.42319334
0.42522022
0.42577368
0.42257845
0.4224945
0.42978492
0.42590165
0.42581266
0.42743012
0.4279487
0.42455366
0.42598763
0.42288738
0.4259016
0.42568943
0.42056584
0.4228564
0.4279679
0.42226836
0.42870972
0.42186868
0.41802594
0.42137936
0.42219856
0.4249217
0.42436513
0.42242292
0.4280791
0.42438635
0.4208595
0.4227972
0.43040112
0.42213517
0.4208115
0.4241958
0.4201979
0.4196445
0.4223844
0.424478
0.41672048
0.4249018
0.42455614
0.42347583
0.41762298
0.41812047
0.41979992
0.423404
0.42193356
0.42049503
0.42591977
0.42250827
0.41949373
0.42117596
0.42190012
0.42829806
0.4153372
0.4230021
0.4202867
0.4200121
0.42175108
0.41629106
0.41604757
0.4134101
0.4185915
0.4204744
0.41828075
0.42223892
0.41986915
0.41436663
0.4198013
0.4143
0.41507015
0.41338307
0.41388568
0.41459915
0.4187438
0.41421607
0.41762325
0.41535097
0.41773936
0.41644055
0.41988295
0.41844198
0.4115047
0.42306024
0.41542113
0.4119218
0.41883856
0.41417634
0.41030085
0.42044863
0.41222873
0.42074853
0.4163743
0.4175113
0.41452712
0.41682178
0.41441205
0.41622645
0.4089685
0.4147822
0.41631353
0.41745684
0.40880585
0.4191922
0.4143525
0.4138295
0.4138617
0.41664726
0.41283232
0.41225258
0.41228932
0.4119831
0.4118035
0.41024557
0.41032544
0.4195205
0.41543448
0.41863626
0.40938222
0.41996294
0.41041118
0.4130067
0.41271657
0.41290778
0.41036788
0.4153107
0.41090906
0.40870306
