1.1507548
1.0745964
1.046656
1.0320935
1.0155123
1.0101618
0.9984001
0.99458706
0.9934136
0.9841803
0.97680306
0.9697427
0.96965367
0.95980924
0.9569631
0.9551297
0.95266503
0.94572073
0.9448472
0.94411314
0.94131833
0.940685
0.935677
0.9368708
0.9313329
0.9269507
0.92427415
0.92399144
0.9237865
0.9208261
0.9186356
0.9241479
0.92032284
0.9206752
0.9172247
0.9136292
0.922026
0.9118615
0.9147122
0.9161598
0.9168071
0.91207284
0.9140148
0.9102949
0.90891254
0.90691483
0.9138529
0.90579784
0.9063051
0.90533614
0.90035504
0.9035268
0.9045597
0.9048118
0.90269905
0.89546853
0.9025005
0.899801
0.9004251
0.89896023
0.898478
0.90027094
0.89762646
0.8981539
0.89783514
0.9011161
0.8970512
0.89005923
0.8895717
0.88887626
0.89136153
0.88731563
0.8919769
0.8870481
0.8930698
0.8898787
0.8902359
0.887755
0.886042
0.88767254
0.8803797
0.8934316
0.88694346
0.8871874
0.8863874
0.8789572
0.88440377
0.8836006
0.8884038
0.8847805
0.8860757
0.8846434
0.8853918
0.88709265
0.8844238
0.8849981
0.88928616
0.88532823
0.88027644
0.8822558
0.8783717
0.8755487
0.8776636
0.8799936
0.8790862
0.8794564
0.8797358
0.88272005
0.88188285
0.87927073
0.8766448
0.8788995
0.8801617
0.8772987
0.87647456
0.87201226
0.8791926
0.8793744
0.8767324
0.8767763
0.8756181
0.87651366
0.8761098
0.87948674
0.8786073
0.8773995
0.87318116
0.8714342
0.87496585
0.8785091
0.8754943
0.8762745
0.87303823
0.8711195
0.8743829
0.8658842
0.87323153
0.8744762
0.8755368
0.8695972
0.8691243
0.8703699
0.8734697
0.8714926
0.87133646
0.86401546
0.8702903
0.86319774
0.8657848
0.8628002
0.86951834
0.8639133
0.86725736
0.86397356
0.86932534
0.86266816
0.86231244
0.8643704
0.86574155
0.86367047
0.8596121
0.8645884
0.8634191
0.8638392
0.8611276
0.86431116
0.86217964
0.85965294
0.86074555
0.8644717
0.85950094
0.86363256
0.8674543
0.8644094
0.859865
0.8591679
0.85741353
0.8617132
0.856374
0.8589877
0.8581674
0.8557638
0.8568538
0.85551864
0.86290467
0.8568584
0.86085826
0.86293423
0.8596617
0.85758156
0.85865515
0.85940903
0.8580697
0.854254
0.8602179
0.85674745
0.8563183
0.8595239
0.8575945
0.85143524
0.85903645
0.8596558
0.85456693
0.8514146
0.852777
0.85338426
0.85631573
0.8559592
0.8549586
0.8591518
0.8550767
0.8541662
0.85410714
0.85448706
0.8597136
0.85263085
0.8596994
0.85110027
0.85146517
0.85597706
0.84846485
0.85212606
0.84762293
0.8515639
0.85057414
0.85209775
0.8481749
0.8522333
0.85098654
0.8522933
0.84768754
0.84802014
0.84783906
0.84913737
0.849824
0.84913796
0.84404874
0.84520435
0.8488267
0.8492184
0.84538096
0.85019815
0.8486982
0.8482654
0.8526585
0.84451586
0.8460447
0.8505463
0.84906805
0.84565115
0.8458908
0.844084
0.84789866
0.8504347
0.84590524
0.84955585
0.84467816
0.84747726
0.84742904
0.83916235
0.84669656
0.8431922
0.8435944
0.8421183
0.8473276
0.84534794
0.8464235
0.843183
0.84747785
0.8465752
0.841793
0.84608793
0.8434861
0.8432149
0.8382559
0.8403708
0.84663194
0.8474357
0.84776413
0.84107053
0.847622
0.84378034
0.8424098
0.8440971
0.84234136
0.8451353
0.84531087
0.84246176
0.84061414
