-0.47101557
-0.5611972
-0.5182701
-0.44624716
-0.3860236
-0.3371129
-0.3013793
-0.27705565
-0.25792715
-0.2541809
-0.25338915
-0.24514835
-0.24110632
-0.22948056
-0.2210951
-0.21556519
-0.20890737
-0.20600662
-0.19842301
-0.19450969
-0.190312
-0.18513191
-0.18594742
-0.1865911
-0.1884438
-0.18769194
-0.18669112
-0.18553172
-0.18642016
-0.18504673
-0.1853771
-0.18506911
-0.18544123
-0.18452667
-0.1844202
-0.18354176
-0.18372351
-0.18317606
-0.18348289
-0.18338133
-0.18330523
-0.18231265
-0.18242183
-0.18293941
-0.18223561
-0.18356718
-0.18455006
-0.18444058
-0.18391848
-0.1844798
-0.18611136
-0.1854307
-0.18754
-0.18657699
-0.18934229
-0.18958043
-0.19149485
-0.19244336
-0.1918013
-0.19307238
-0.19082054
-0.19399302
-0.19525114
-0.19476044
-0.19451049
-0.19504085
-0.19514209
-0.19629136
-0.19756238
-0.19675401
-0.19718716
-0.19802684
-0.19763207
-0.19714089
-0.19776492
-0.19906376
-0.20025091
-0.19757983
-0.19860661
-0.19886367
-0.19800262
-0.1992335
-0.19898452
-0.19870579
-0.19995059
-0.19844553
-0.19885619
-0.19827369
-0.19931008
-0.20052318
-0.19973002
-0.2010297
-0.20147781
-0.19946216
-0.20010273
-0.20157042
-0.20130275
-0.20199299
-0.20045455
-0.20243125
-0.201724
-0.20148872
-0.20249876
-0.20171154
-0.2020551
-0.20229732
-0.20244388
-0.20290212
-0.20248215
-0.20238979
-0.20292231
-0.20292877
-0.20271266
-0.20507573
-0.20251407
-0.203112
-0.20356096
-0.20307697
-0.20402992
-0.2039823
-0.20418991
-0.20370972
-0.2044233
-0.204993
-0.20506875
-0.20263462
-0.20453441
-0.20574516
-0.20535894
-0.2046602
-0.20534521
-0.2053602
-0.20528671
-0.20727825
-0.20721833
-0.20814197
-0.20744258
-0.2074864
-0.20911984
-0.20721784
-0.20728633
-0.21040887
-0.21000823
-0.2118883
-0.21260892
-0.21545264
-0.21632041
-0.21849817
-0.21632966
-0.21805127
-0.21793424
-0.21953951
-0.21990076
-0.21777822
-0.22012766
-0.2198362
-0.2211911
-0.2217315
-0.22116181
-0.22001794
-0.22112449
-0.22071593
-0.22113642
-0.22009511
-0.22073057
-0.22119975
-0.2226221
-0.22195189
-0.22318932
-0.22277789
-0.22349273
-0.22331567
-0.22170474
-0.22352324
-0.22229356
-0.22238052
-0.22337192
-0.2209654
-0.22304487
-0.22414961
-0.22399642
-0.22157356
-0.22340235
-0.22439148
-0.22313328
-0.22411647
-0.22445208
-0.22369125
-0.22251849
-0.2227562
-0.22582029
-0.22579084
-0.22500144
-0.22474505
-0.22515051
-0.22559966
-0.22479133
-0.22765169
-0.22450815
-0.22563837
-0.22623056
-0.22551076
-0.22599487
-0.22675918
-0.22542952
-0.22623345
-0.22592902
-0.22598642
-0.2283824
-0.22744766
-0.22668296
-0.22694266
-0.22612569
-0.22965166
-0.22820257
-0.2270273
-0.22781663
-0.23024438
-0.22829238
-0.22722632
-0.23008755
-0.22967166
-0.23000854
-0.23045366
-0.23030266
-0.23065919
-0.23216453
-0.23085698
-0.23180276
-0.2326443
-0.23198113
-0.231293
-0.23259473
-0.23306152
-0.23193938
-0.23286504
-0.23334585
-0.23414879
-0.23237728
-0.23262471
-0.23433256
-0.23160042
-0.2337552
-0.2311025
-0.23309654
-0.23373528
-0.23355998
-0.23337778
-0.23311126
-0.23261094
-0.23418267
-0.23545527
-0.23527102
-0.23526128
-0.23531702
-0.23491888
-0.23540641
-0.2355222
-0.23417927
-0.2347949
-0.23499794
-0.23404278
-0.23482744
-0.23624946
-0.23492207
-0.2349927
-0.23454893
-0.23580156
-0.23483238
-0.2350584
-0.23459321
-0.23641902
-0.23566756
-0.23697396
-0.23486362
-0.2358918
-0.23524919
-0.23593777
-0.23551531
-0.23586883
-0.23452778
-0.23640229
-0.23575583
-0.23925766
-0.23610242
-0.2363181
-0.23591664
-0.23725064
-0.23529029
