0.016441565
0.009539901
0.020627128
0.016922124
0.012699114
0.014390593
0.014424099
0.012093066
0.011623067
0.011240349
0.009928796
0.007421788
0.0069392403
0.0063511743
0.0063265297
0.003701275
0.0035490552
0.0042291568
0.0026104145
0.0031561381
0.0027861833
0.0024634574
0.0024769648
0.001988654
0.0023351891
0.0018993057
0.0013859111
0.0010444459
0.0015344712
0.0017890341
0.0024411054
0.0010300656
0.0019323997
0.0013636551
0.0011732908
0.0013245128
0.0022476877
0.0020746768
0.001256136
0.0018933847
0.0012191631
0.0013795249
0.0011764587
0.001897995
0.0013272722
0.0012063573
0.00168846
0.0010037628
0.0014384271
0.001527107
0.0011022256
0.0011357741
0.0012509703
0.0004667099
0.0006886279
0.0011744344
0.001747812
0.0012091658
0.0012563101
0.0006270834
0.0007548269
0.0021296008
0.0009229367
0.0009966126
0.0012122054
0.00053728063
0.001436075
0.001004072
0.0009280331
0.001606286
0.00048596214
0.000783838
0.0008128484
0.0008863777
0.001115776
0.00087136077
0.0007675475
0.0009955622
0.00078061596
0.0009594985
0.0014573154
0.0006991009
0.0009435979
0.0012348471
0.0011426006
0.0012235172
0.0005591591
0.0015508783
0.0001582657
0.00047963244
0.00039457867
0.0002540414
0.00082223327
0.000988847
0.0005797075
0.0014196113
0.0005852956
0.00039074162
0.0005153208
0.0006420378
0.0005543466
0.0009289254
0.0004692567
0.0009324289
0.00078513834
0.00037755305
0.00027744222
0.00092608697
0.0001983513
0.00076528423
0.00024869718
0.0001863869
0.0007240413
0.0010625724
0.00011073296
0.0007516296
0.00024023787
-7.061511e-5
0.000837949
0.00018539635
9.2292896e-5
0.00043137444
-1.8098986e-5
-4.8479807e-5
0.00062282913
0.0001249093
0.0005651895
-6.72634e-5
0.0010739629
5.568423e-5
0.000607975
0.0005548429
0.00059822545
0.00017317478
0.00030763916
0.00055610604
0.0007564042
0.0006237261
0.00054105633
0.000111425
0.00055109704
0.0008498751
0.0008540904
0.00031494114
8.768114e-6
0.000250887
0.0012160431
0.0007716767
0.00042535196
0.0005817131
0.0010795353
0.0002322063
0.00035378523
-0.00060674385
-0.00023758039
0.00014358769
0.00011253523
0.0007237532
0.00053554575
4.7586855e-5
0.00080475083
0.00040412493
0.00047246445
0.000794709
0.0005436556
-0.00010857272
0.00019380213
0.00048599602
0.0007323177
-0.00027350528
0.001014155
0.00024706146
0.0005317609
0.00078515086
0.0005579489
0.0006244619
0.00063112774
0.00044010606
0.0007849106
0.00019180284
0.0003720359
0.00037190117
-0.00012196434
0.00019223121
0.0007501101
-0.00010678129
-3.6683763e-5
-0.00012798114
0.0008812003
0.00021060958
7.7057004e-5
0.0005306725
2.4150373e-5
-6.7534704e-5
-0.00015868906
0.0005777724
0.0004162509
0.0006558319
0.0008615321
0.00085547665
0.000559128
-3.208528e-5
6.3703585e-5
0.0007093078
0.0006742669
2.5326073e-5
3.9855517e-5
8.296115e-5
0.0004404306
0.00015857344
-0.0005134244
0.0004158011
0.00035653252
-4.685572e-5
0.0004009697
-2.0895084e-5
0.0003270915
0.00030532657
0.0009049017
0.00035174566
0.00015677769
0.00072190445
0.0007977702
0.00040473646
-0.00017450283
0.0002134085
-0.00049082225
0.0007828196
3.836571e-5
0.00049041404
0.00025799856
0.00027196226
0.00022740646
0.00021832845
9.082813e-5
0.0005659101
0.00043827086
-0.00019534958
0.0009140996
0.0006271086
0.00045515376
-0.00021058788
5.6054203e-5
0.0009288564
0.00040774932
-0.00029680526
0.00039387392
-0.00017349895
0.00038244601
0.0003976139
0.00047670488
0.00080121844
0.00012904826
0.0011068654
4.1640553e-5
-0.000116857365
0.00040752272
-0.00010386035
0.00058186415
0.0002493431
0.00011694334
0.0001462027
-0.00023781498
0.00015791858
0.00016227212
0.00015808352
0.00030497543
0.000673104
0.0005470685
0.00020813661
0.0002198968
0.00022370978
0.0003999636
0.00023445704
0.00022573865
-3.478745e-5
-0.00020278367
0.00035898972
0.0007721557
-0.00031757943
-0.00032637108
0.00016460348
0.00046072816
0.00040746125
0.00029678774
0.000839829
0.0003416483
0.00050659716
0.00030208591
0.0005594432
-0.00030766884
0.00059812743
0.00019537925
0.0007374297
0.0006742921
0.00043706317
0.00020169496
0.0004927251
-9.254601e-5
0.00019918023
0.00016909365
0.0001642642
0.00034038004
0.00027384292
-7.982674e-6
-0.0006635465
0.0003117923
-0.00034043842
0.00022567192
0.00020456819
-7.601189e-5
0.000211586
0.00034114253
-3.135716e-5
0.00069300365
0.0005171477
0.00019101375
0.00032029988
0.00079195015
-0.00015916282
0.00033624785
-4.1937594e-5
0.00026719488
0.000114153845
-0.00044649723
0.00031348044
0.0008497846
0.00023682452
0.00011404468
3.054643e-5
-7.7334975e-5
0.0007525589
0.0003180555
0.0007235073
0.00012892678
0.0001827649
-0.00037852765
0.00029723466
0.00077480846
0.00036202112
-0.00021070226
6.178098e-5
9.387101e-5
9.699871e-5
-0.00031651184
0.0004497048
0.00047504518
-0.00021503762
2.4407453e-5
-0.00013102031
0.0003642845
9.470943e-5
0.00038081067
0.0005463707
0.00029423102
2.7076807e-5
-8.2824015e-5
0.00033282596
-7.84815e-5
0.00029765125
0.0010041598
0.00034989853
0.00096915616
0.00035916842
0.000105419625
0.0003109683
0.00016972846
9.311053e-5
0.00011591625
-0.0005798195
-0.00058594026
0.00046265242
0.0006008297
0.0005154195
-9.943311e-5
0.00087768165
0.0002608621
0.0005163113
-0.0003287395
0.00013124301
4.8365157e-5
0.0001514346
-0.00042239684
0.0006345908
0.0002717063
0.0004012465
7.878503e-5
-1.7438346e-5
0.00056745065
6.246292e-5
0.00014332234
-1.1345586e-5
0.0005018459
9.3547635e-5
-0.00024540254
0.00011109168
9.928218e-5
0.00043449076
8.288675e-5
6.286551e-5
9.6403455e-5
-0.0007000562
0.00032084537
0.00037612225
0.00025130337
0.00043768217
-0.00044471308
-0.00010304881
0.00013128597
-9.424231e-5
0.0001456318
-0.00035922742
0.000670652
0.0002926839
0.0005989461
7.4872485e-5
0.0005670937
-0.00016655959
0.00022626607
-0.00018844243
-9.669432e-6
-0.00018989817
-9.9952544e-5
0.00044914914
-0.00026339616
-5.9197675e-5
0.0002879442
0.00029559812
-2.8919318e-5
0.0005430714
0.0005461549
0.00025852158
0.00039851147
-8.064519e-5
0.0001934274
0.00030799737
0.00047095897
0.00073974195
7.325039e-5
-1.16872025e-5
0.00018339642
0.00029052224
0.00021107515
1.7083652e-5
-9.532194e-5
0.00033558367
-0.00019491365
0.00015338392
9.9027355e-5
-0.0003873055
-0.00015927113
-0.00013925413
0.00034500516
0.00028628123
-6.554493e-6
-0.0004505986
-5.367023e-5
0.00028658664
0.0009217121
0.0004029267
0.0001850158
-0.0001389817
0.00050320086
-0.00022808454
7.133973e-5
0.00026833088
-2.7356482e-6
-0.00063013844
-0.00023615015
0.0003105184
0.0002624346
4.2615616e-6
0.00023988694
0.00017369867
0.0004433904
-0.0003448884
0.00047840038
0.00046755778
0.0003951439
7.8689045e-5
0.00022794398
0.00010359504
0.00061581086
-2.2818498e-5
0.00043404775
0.00018246037
0.00032365764
0.0001264638
-0.00016066451
0.00021601975
-0.0003553927
-0.0006204102
0.00019595225
-4.790784e-5
-0.00046364273
1.0461649e-5
0.00022217857
-0.000107350614
8.768667e-5
-3.2064312e-5
0.00010449981
-0.00019202112
0.00015637552
0.00031256778
0.000104270075
-0.00050197094
-0.00041418636
6.02077e-5
6.575363e-5
0.00040217262
-0.00020126576
0.00044321673
-6.565161e-5
0.00037859162
-0.00026420245
-0.00020875719
0.0002241729
0.00018539098
-0.00028240005
0.00034988296
-0.00029795975
0.00039238276
-0.00039875827
1.2161166e-5
0.0004164722
-0.0002351889
1.438044e-5
-9.516786e-5
0.00021109727
-3.3241067e-5
-0.00016064302
0.00067250204
0.0003169397
0.0005314021
-9.475314e-5
0.00073864264
-0.0004269182
0.00018780502
0.00028081282
0.00040499604
-0.00042017322
7.8386016e-5
0.00027253962
-1.2020774e-5
0.00015746003
0.000113590126
0.00027520803
0.00066698383
0.0002564699
0.00011068546
0.00024488158
0.00014926953
0.0004095752
-0.00041496885
-0.00021745617
0.0006676562
4.6377707e-5
-0.0001690179
-9.880261e-5
-0.00020283302
0.00041415426
-0.00010632268
-0.00011310288
0.00060193747
5.5562497e-5
-0.000118727214
0.0001679689
0.00010871933
0.0001452526
5.445014e-5
0.00018884084
0.00010330285
0.00064150785
0.0005084442
2.2759854e-5
0.00025515718
-0.00031173715
0.00018122116
-0.00043672332
-6.5515946e-5
0.00042943333
0.00032004016
-0.00021425635
0.00012479928
0.0004495586
7.702398e-5
8.419268e-5
0.0005083269
-0.00050758396
0.00057863415
7.239845e-5
0.0003188942
0.00029340526
-0.0001382914
-0.0002769547
-0.00026047733
5.8518075e-5
-0.000174437
0.00039702066
0.00040008835
-0.0002031656
0.00025863023
0.00034705643
0.0007652166
0.000114454975
3.169929e-5
0.0002241964
-0.00052307255
-0.00030341165
0.00034109948
-2.1114312e-5
0.00044733754
6.741977e-5
0.00016545856
-5.763174e-6
0.00048427214
-7.002576e-5
1.0341998e-5
-0.00026422093
-0.00010441452
0.00025630352
0.0009241341
0.0004931591
0.00013356617
-0.00033354785
0.00024642763
-0.00014555262
-0.0003520833
0.00015326729
-0.00017051066
-4.9847928e-5
0.00049837
-0.0001401585
0.00032632658
-0.00042816927
-4.5032648e-5
0.0007541679
-0.00018017608
-0.00032799336
-6.3418614e-5
0.0002321885
0.00025617194
-2.471858e-5
-0.000366301
0.0002823394
-0.00010922388
-0.00020747767
-4.9925698e-6
0.00017485788
-0.00040801938
0.00021941145
-1.226411e-5
0.00015066481
-0.0002446194
-4.076112e-6
0.0007306607
0.00045521825
0.00021774448
-0.00056671037
2.1545722e-5
-0.00033695597
0.00021845932
-0.00032200373
0.00018179229
-6.0531e-6
0.00032861144
0.00016947297
-6.115242e-5
0.00037588086
-0.00038645152
0.0005125404
-0.00016774672
0.00030160844
-9.067772e-5
-0.00031974193
0.0005133188
0.00019005117
0.0003202571
3.7656187e-5
0.00013165078
6.421474e-5
-0.00035737114
6.204551e-5
0.00023688727
0.00028428962
-0.00031439008
-0.00039257438
0.00038733895
0.0002256071
0.0001547145
0.00011091959
0.0002445097
0.00015072539
-0.0004191309
-0.00041022277
0.0003431598
-0.0002683657
0.00048085724
-7.163168e-5
7.294946e-5
-0.0003269116
-0.00043942675
-0.00013501113
0.00036775472
0.00051459
-6.929934e-5
1.9230903e-5
0.00018165904
0.00013882782
-6.4252614e-5
0.00031441113
-2.9531098e-5
0.0001320772
-0.00025646962
0.00010615641
-0.00027655016
6.169933e-5
0.00017463895
0.00040500695
0.00013306762
-4.6553788e-7
0.0008523142
0.00035277958
0.00023204419
-0.00040982876
-7.093015e-5
-0.0006682998
0.00022992255
0.00047646536
0.00017854212
0.00068915373
-0.0006047072
-7.2055074e-5
0.00024230166
0.00040748305
0.0002089582
0.00055986777
-0.00057273195
-5.523073e-5
5.1587267e-5
-2.6433925e-6
0.0003197551
-0.000117186675
-4.7990066e-5
-0.0006423955
-0.00026947158
0.00023424286
0.00030548978
0.00021810204
0.00024622644
0.0005748466
-0.00010948258
0.00033083753
5.7852736e-5
5.2927055e-5
-0.00031226632
0.00022374197
0.00046840668
0.00028653105
-5.422357e-6
2.652817e-5
-6.560175e-5
0.00017047855
0.00023497468
-0.00061950303
0.00010237485
0.00012273117
0.0004015841
-0.00012234865
0.0002364424
4.1031017e-5
0.000403666
3.9501047e-5
0.00023524597
-0.00018258477
0.00025635853
0.0002133106
0.00012535804
-0.00013511704
4.767433e-6
0.00012607072
-0.00020877208
0.00052996073
0.000274674
0.0005392442
-0.0001112903
-0.00035394984
-0.00027386114
-7.832838e-5
0.00015214177
3.2723518e-5
-0.00047512335
0.00010866631
-0.00022378586
-9.173085e-5
-0.00032912096
0.0004504532
-3.4926004e-5
0.00021808574
0.00015552284
-0.00025339168
-2.8083708e-5
5.3162905e-5
-2.3365767e-5
0.00022916486
0.00015647063
-0.00029913447
-0.0001363889
-2.8229988e-5
-0.00060277904
-3.204524e-5
0.00020941536
-9.089507e-6
-0.000109053515
2.480978e-5
-0.00023941547
0.0007405031
0.00030071425
-0.00018576937
0.00077394897
-0.00038417612
-0.00024720753
-0.00013082323
0.00022759795
-8.451666e-5
-0.0003969186
0.00010292257
-0.0003550136
-0.00021411887
0.00015634745
0.0007460107
-0.0005725936
0.0006054052
0.00023115244
-0.0005194829
4.674756e-5
-0.00043638455
0.00028441873
-6.9330463e-6
0.00017946657
-6.614382e-5
0.0004766567
-5.932156e-5
8.112251e-5
-0.00022446485
0.00016376167
-0.0008521558
-1.8429659e-5
0.00016628334
0.00021622641
-0.00040756722
0.00012254238
0.00033479236
3.9745908e-5
0.0005665113
3.440479e-5
0.0003140712
-0.00095011364
-0.00012445894
0.00044753103
0.00051945297
9.5709795e-5
0.00029579012
0.00022783173
0.00022448455
7.5166286e-6
8.138721e-5
-9.974555e-5
-0.00033443875
-3.599805e-5
0.00012436452
0.00021089362
-8.9015564e-5
0.00011411498
-0.0003792231
4.83731e-5
0.0006159613
-0.00035938423
-0.00032051688
9.897596e-6
3.020875e-6
-0.0005462966
0.00052800344
0.000117851465
8.23662e-5
-0.00042750844
-0.00029561805
0.00022063208
6.0262242e-5
-4.6132238e-5
0.0004673991
-0.00017697927
0.00038739282
4.06035e-5
-0.0005704544
-0.00038043965
-0.000253825
0.00013188373
8.885183e-5
9.969956e-5
-5.8298676e-5
-0.000115583265
-0.0003459472
-0.00029138697
0.00028880182
-0.00066475506
0.00011273599
-0.00017124058
0.00060393044
0.00021784374
0.00018772254
0.0002057017
-0.00059490657
0.00013728235
3.393383e-5
-0.00031856573
0.00036739025
0.00019533835
4.8827278e-5
-0.00028277762
0.0005672791
-0.00024082126
8.393951e-5
-0.000517106
-5.5028366e-5
-0.00052412075
-0.00033186085
0.00016088903
5.2062587e-5
0.00028177176
0.00045769414
-6.3813815e-5
6.8027286e-5
0.00030379684
9.0726164e-5
-0.0004884635
0.00017962829
2.9543295e-5
-1.9394149e-5
0.00030820223
-2.614516e-5
-6.511763e-5
-5.8154157e-5
0.0002641017
-0.00028859556
-0.000227651
0.00010592713
0.0005962593
9.666627e-5
-0.00013323242
0.00015028089
-0.00014930298
0.0003117793
-2.765086e-5
-0.00027871004
-0.00039919285
-0.00011113412
-0.00023539207
0.0005389011
0.00031514835
-7.184595e-5
0.00016634939
-0.0005549183
-9.420945e-5
0.00024017069
0.00029605755
3.907171e-5
-0.00025142127
-0.00030172092
0.0006493386
-0.00028658568
0.00023006918
-0.00045034662
0.0001977675
0.00039524992
-1.5494405e-5
0.00017115091
-0.00012926069
-3.59127e-5
-0.0003156863
-0.000117859534
0.00020991683
8.124329e-5
0.00025012123
0.0003160701
-0.00032191322
8.390718e-5
-0.00046651022
0.0005239645
0.00027686643
0.00021175828
3.407201e-5
0.0004098575
-0.0004348213
3.844308e-5
0.000115808725
6.320804e-5
0.00024617565
-5.1975992e-5
6.8994914e-6
0.00032838425
-0.0005175296
0.00010917015
0.00030997992
0.00040100553
-0.00038943597
4.140035e-5
-0.00038346383
1.842602e-5
-0.00035087898
-0.0001118782
0.00032279146
-0.00036474783
-0.00015219316
-0.00041759643
-0.0002212592
0.0002863934
0.00021529911
6.180875e-5
-0.00010715581
-0.00027011504
0.00052466895
0.00085267675
-3.9574206e-5
0.0003261481
9.12556e-6
0.00048099973
0.00021064165
-0.0011753049
0.0005626237
-6.4936365e-5
-7.7348996e-5
-0.00022289464
-0.00014737893
7.3438896e-5
0.0001618394
8.957227e-5
3.1583124e-5
-7.9846526e-5
0.0002242752
-0.00051250093
0.00031740373
3.3495045e-5
0.00052006816
-0.000250602
0.00036162557
