1.5885532
1.1873868
1.0686692
1.0225965
0.97853374
0.9750254
0.94198847
0.9420531
0.928072
0.9133309
0.8858903
0.8586204
0.8631163
0.8422611
0.8450655
0.8348645
0.8299682
0.81740403
0.80865365
0.81100607
0.80129105
0.7947601
0.7874293
0.7790471
0.7811747
0.7669523
0.7545158
0.7673781
0.754639
0.74973714
0.74847186
0.758556
0.7483118
0.74861777
0.74032265
0.7290623
0.7465058
0.7302975
0.72855824
0.73443377
0.73360217
0.7257511
0.7197108
0.7148887
0.7097583
0.7061871
0.7146923
0.7024531
0.7029199
0.69849986
0.6946856
0.6958781
0.69397944
0.69163257
0.68732476
0.6736982
0.6810139
0.6800165
0.67686945
0.67349225
0.66714835
0.6767771
0.65728694
0.66554606
0.6622455
0.6712112
0.6627191
0.6478447
0.64587986
0.6475604
0.64566624
0.6420717
0.64769137
0.64112085
0.64863354
0.6441896
0.64356595
0.6400723
0.6368344
0.63720286
0.6287963
0.64436805
0.63683665
0.6389752
0.6368012
0.62693614
0.6352075
0.6294926
0.6323415
0.6310675
0.6324763
0.63075507
0.6315584
0.6317478
0.6241602
0.6276368
0.6281347
0.62936616
0.61849433
0.6201174
0.62278306
0.6166338
0.6178274
0.61652136
0.6191285
0.6160379
0.6113545
0.6186112
0.6197948
0.61699486
0.6098514
0.6163001
0.6133848
0.60896647
0.6117023
0.60260755
0.614125
0.6190356
0.610843
0.61336964
0.6090189
0.610331
0.6098811
0.61803824
0.6081494
0.6047464
0.6034003
0.60207516
0.60275155
0.60814583
0.6082413
0.60139877
0.6035053
0.5910259
0.60500026
0.5938631
0.59728944
0.6034843
0.60103816
0.5951157
0.5916377
0.5976974
0.59176403
0.59120435
0.5897071
0.5793336
0.5880209
0.5738849
0.57528317
0.576518
0.58417153
0.57761276
0.5803572
0.57578456
0.5805555
0.5699638
0.5713224
0.5728975
0.5749472
0.56633794
0.5639107
0.5721492
0.5689309
0.5691576
0.5681967
0.565658
0.5680428
0.5651904
0.56452674
0.5702653
0.56654763
0.56535596
0.5743526
0.56863225
0.5624868
0.5604787
0.5590187
0.5685243
0.5626593
0.55797243
0.55869085
0.5578104
0.557895
0.55559343
0.5646848
0.56092167
0.56005347
0.5614118
0.5605076
0.5554293
0.5571957
0.56195647
0.55849755
0.54911536
0.5620315
0.5527481
0.5559994
0.5571437
0.5563093
0.54961884
0.5555969
0.56070346
0.5505189
0.54931545
0.5447317
0.5501347
0.55587864
0.5500718
0.5491489
0.5570088
0.5467762
0.54806584
0.54824716
0.54885375
0.5547952
0.5456208
0.54884964
0.5462031
0.5484364
0.54933333
0.538621
0.54131186
0.5379209
0.54386896
0.53896976
0.54103106
0.53742117
0.54474854
0.53291404
0.5421379
0.5311168
0.53182644
0.5361201
0.5328831
0.53676754
0.5338092
0.5269045
0.53051996
0.5291193
0.5357033
0.53111154
0.53756493
0.5336954
0.53107214
0.53245944
0.5283755
0.5301023
0.53316087
0.5315209
0.52510494
0.5263849
0.52681154
0.5284247
0.5318882
0.52909464
0.53235686
0.52403796
0.5292838
0.525162
0.52011114
0.5246377
0.5222543
0.5204607
0.5219446
0.52769107
0.5291007
0.52633387
0.52437246
0.5269537
0.5253119
0.52490836
0.5249105
0.52192706
0.5249729
0.5163597
0.5188851
0.5254432
0.52525955
0.5261648
0.51842284
0.5282133
0.52341086
0.5190281
0.52522206
0.51726496
0.51898146
0.526236
0.5171592
0.520199
0.5208052
0.51821536
0.52209705
0.5208094
0.51600415
0.5214911
0.5192407
0.5201146
0.5186291
0.5193614
0.5143599
0.52144796
0.51407206
0.52885455
0.5238734
0.5190996
0.519192
0.51334965
0.5162385
0.515507
0.51205796
0.52132076
0.516079
0.52085114
0.5060603
0.51691085
0.5094128
0.5113967
0.52146363
0.5165992
0.5148466
0.51001084
0.52072036
0.5147433
0.5173168
0.51127774
0.51018274
0.5171788
0.5153499
0.51611644
0.50964636
0.5137544
0.5176547
0.5152773
0.5221057
0.5091501
0.5115252
0.5116029
0.51724845
0.5122993
0.5107846
0.5098199
0.5154656
0.5101499
0.50548124
0.53295684
0.54115176
0.54083717
0.5481
0.5414582
0.5452514
0.54810584
0.53555506
0.5447788
0.5507984
0.5396447
0.54680896
0.54575753
0.5420756
0.54157656
0.55243665
0.5396367
0.54366225
0.5411944
0.54804885
0.54753953
0.53820175
0.5416492
0.5449255
0.52836066
0.54398614
0.5487803
0.5489492
0.5439684
0.5450774
0.5430176
0.54304874
0.54268986
0.54566073
0.5439609
0.5439032
0.5336869
0.5438824
0.54637164
0.53723896
0.5369764
0.5484029
0.54463077
0.5425221
0.53918236
0.54534364
0.5395639
0.537765
0.5401814
0.5452504
0.5401332
0.5507098
0.5341675
0.5470062
0.53145075
0.5431007
0.5388191
0.5452955
0.53960234
0.53329
0.53600556
0.54225856
0.543068
0.53337204
0.54053336
0.54159415
0.54152507
0.5393728
0.5379142
0.5411314
0.53899133
0.54177517
0.5386753
0.53992295
0.53755677
0.5437127
0.5358661
0.54107314
0.538187
0.5389325
0.5333987
0.5367822
0.5407337
0.53728324
0.54219335
0.53687704
0.5399939
0.5344882
0.53318995
0.5395172
0.5348929
0.537851
0.53284866
0.53326
0.5377371
0.54035085
0.54893416
0.5324409
0.537045
0.5334559
0.53793114
0.53168494
0.54164016
0.53489804
0.533387
0.5391379
0.5423277
0.5350512
0.5334872
0.54061943
0.530766
0.53143203
0.539615
0.53194994
0.53261095
0.5380595
0.53716195
0.53686583
0.53496593
0.53687
0.5429224
0.5307811
0.5390537
0.5313034
0.5361948
0.5373072
0.5298292
0.53319335
0.5369826
0.53541106
0.5314762
0.5416823
0.5287779
0.53324133
0.5302466
0.5323203
0.53326255
0.5372171
0.53439283
0.5345139
0.5332676
0.56383425
0.5683422
0.5771535
0.566648
0.5745849
0.5635861
0.57010835
0.55931973
0.57124734
0.567539
0.5713506
0.56750333
0.56337714
0.5700135
0.562529
0.5638478
0.5707651
0.5746123
0.564501
0.56164795
0.5765772
0.5695425
0.57321984
0.57087284
0.5727296
0.5691691
0.56581885
0.5695389
0.56580424
0.5680789
0.5697405
0.57084143
0.57310534
0.562315
0.56390977
0.56632435
0.56949973
0.5664446
0.56844413
0.5671027
0.5680427
0.5649496
0.57502264
0.568221
0.5676495
0.5715932
0.5673847
0.5652847
0.5716993
0.5652579
0.56847626
0.5602179
0.5630325
0.56714636
0.56742597
0.5674746
0.56550545
0.5715669
0.568506
0.56299937
0.5643202
0.57381994
0.56667185
0.562662
0.5682443
0.56247234
0.56574446
0.5622027
0.5634897
0.5713826
0.5692707
0.56076354
0.56828845
0.5650201
0.5679601
0.56745285
0.5695659
0.5610248
0.5640163
0.5693455
0.56446487
0.5675169
0.57428384
0.5692231
0.56363857
0.55928755
0.56509334
0.55703956
0.5654792
0.56850374
0.5658161
0.5704134
0.5658409
0.5657325
0.56088513
0.56202126
0.56654906
0.56121236
0.5655624
0.57316846
0.5633833
0.56181985
0.56404597
0.5637822
0.5675049
0.56459564
0.56599706
0.5624979
0.56305236
0.5640315
0.56638235
0.5626658
0.5603535
0.56550336
0.57044923
0.56419075
0.5634064
0.57011455
0.57178915
0.5712098
0.55127543
0.56126195
0.5605541
0.5695874
0.56507117
0.56847847
0.56543297
0.56701845
0.5657869
0.5639481
0.5603983
0.56269825
0.5683033
0.56191075
0.5558313
0.55858403
0.5656507
0.56329185
0.5585509
0.5640264
0.56114167
0.56160444
0.5641241
0.5612776
0.565528
0.5636846
0.5601776
0.56500345
0.5613957
0.5620561
0.5628551
0.5650453
0.5630392
0.5683626
0.56566995
0.56410617
0.55988836
0.5629217
0.5668969
0.55965304
0.5635455
0.5625981
0.55923045
0.56171364
0.561889
0.56577486
0.56556463
0.5638916
0.56272954
0.56102926
0.5601962
0.56274784
0.56463385
0.5629032
0.5589023
0.56160015
0.56355554
0.56473285
0.5596498
0.5554768
0.5555111
0.5656671
0.56021035
0.5610062
0.56255746
0.56405246
0.56322765
0.56215525
0.5580262
0.562549
0.56104666
0.5588627
0.55556357
0.5551045
0.55921376
0.56972325
0.56380016
0.55968755
0.5634689
0.56035894
0.5535653
0.55726457
0.5631886
0.558082
0.5562915
0.56700486
0.5572269
0.56232315
0.559952
0.570905
0.56302553
0.564577
0.56907415
0.564461
0.5621052
0.5596663
0.558509
0.56021625
0.55725855
0.55939525
0.55943084
0.5538813
0.5608931
0.56377697
0.55771476
0.56025904
0.5531584
0.554751
0.5562928
0.5660047
0.55624306
0.56273425
0.5558333
0.5622676
0.55565566
0.55537146
0.5598804
0.5631774
0.5663417
0.55617434
0.5632123
0.5661045
0.55941594
0.5558547
0.56304264
0.5617575
0.5579543
0.55348504
0.5600254
0.5607054
0.5599555
0.5603702
0.55232716
0.5609065
0.5611985
0.5609232
0.557302
0.5546742
0.5556674
0.56085795
0.5607598
0.56133753
0.55413127
0.56114453
0.55988944
0.5586756
0.5531639
0.56415653
0.5580988
0.55882907
0.55142003
0.5529044
0.557821
0.5524668
0.5555951
0.5627401
0.55535525
0.5596013
0.5570262
0.5576236
0.5543513
0.55720687
0.5618793
0.5528683
0.5619453
0.5595977
0.56451887
0.56260717
0.5518367
0.56131876
0.5569643
0.5590333
0.5561161
0.55239105
0.5576314
0.5550483
0.55043787
0.55429476
0.55367994
0.5547855
0.5719079
0.5494444
0.55595696
0.5531009
0.5599374
0.5530428
0.5629235
0.5644471
0.5593789
0.5565479
0.5501016
0.5557283
0.562288
0.5553839
0.5557994
0.5530863
0.55893314
0.556958
0.563637
0.5561466
0.56144136
0.55778867
0.5591407
0.5517915
0.55793476
0.555481
0.55141735
0.5554013
0.554021
0.55737853
0.55316716
0.55460054
0.5562597
0.562172
0.5577857
0.55068034
0.55116916
0.559906
0.5554354
0.5575386
0.55264896
0.55646694
0.56122726
0.5480432
0.5588182
0.5571305
0.55844116
0.5606437
0.5596139
0.5592192
0.5592202
0.55237895
0.554691
0.5521877
0.5543839
0.547136
0.556401
0.55317396
0.553575
0.55522716
0.5505151
0.5582972
0.55551654
0.54954123
0.5567398
0.5512049
0.5549361
0.5536675
0.55863076
0.546351
0.5521504
0.55696446
0.5521428
0.5508457
0.56014496
0.55656487
0.55700874
0.5538376
0.54977304
0.5534319
0.55478626
0.55925995
0.55730766
0.55180544
0.5561975
0.5533685
0.55596215
0.55083317
0.55548185
0.5509267
0.54871476
0.55267626
0.5588622
0.55242807
0.54850906
0.5596154
0.5501735
0.5556303
0.5559836
0.5527428
0.5505054
0.5602752
0.5457389
0.5551864
0.5481551
0.55511445
0.5577154
0.5589804
0.5549648
0.54764324
0.5542792
0.55179656
0.55413646
0.5545529
0.5496245
0.55236864
0.54669285
0.5556636
0.55439055
0.5561865
0.55348307
0.5565179
0.5508159
0.55435246
0.5515207
0.54747033
0.5506236
0.5513837
0.5526604
0.5513274
0.5540674
0.55177003
0.55344474
0.5515544
0.5586207
0.5489762
0.55086666
0.554559
0.5489122
0.5535641
0.5586605
0.5583788
0.55172795
0.55011433
0.55793184
0.54987067
0.5538258
0.5531641
0.54965705
0.55072004
0.5512396
0.5518371
0.5447891
0.54900897
0.5487715
0.55137837
0.5498763
0.56002533
0.55524033
0.5575214
0.55464756
0.55236787
0.547215
0.557717
0.5561675
0.5552809
0.55080247
0.5484567
0.54910874
0.55328095
0.5472905
0.5586394
0.5494981
0.5475891
0.55403763
0.55143434
0.5500826
0.5501161
0.5497288
0.55672145
0.55036134
0.55723304
0.54559666
0.55295044
0.55722004
0.54622763
0.5483859
0.5541042
0.5502792
0.5473136
0.5541416
0.5537709
0.55351794
0.5486993
0.55313116
0.5568214
0.5489489
0.5479799
0.551238
0.5547864
0.5499572
0.55297506
0.5485746
0.5508546
0.5487002
0.55165666
0.5465343
0.5509927
0.5487225
0.5543945
0.54451704
0.5511514
0.54934585
0.54444367
0.548621
0.55343515
0.5540077
0.55136293
0.5509151
0.5494514
0.5510807
0.5496021
0.54448265
0.54853594
0.554798
0.5435796
0.5476746
0.54480666
0.54910755
0.5453862
0.54645264
0.5450386
0.55217063
0.55710137
0.5539868
0.5556373
0.5544788
0.5482967
0.5547288
0.5493784
0.55541444
0.5521906
0.54738885
0.5513219
0.5466752
0.5434846
0.5472404
0.5478932
0.54877394
0.54701424
0.5560762
0.5545721
0.5452035
0.55172825
0.5521195
0.55132085
0.55322564
0.54704803
0.54901093
0.5480867
0.55322295
