3.2956614
2.778863
2.6159408
2.555508
2.480452
2.4769042
2.4233575
2.4259343
2.407933
2.3796644
2.3499742
2.3075223
2.3148515
2.2783415
2.2775888
2.2617583
2.2594519
2.2276723
2.2219865
2.2226825
2.2097747
2.2005465
2.1919916
2.1865804
2.1795058
2.1564488
2.1402748
2.1499665
2.137602
2.127978
2.1291816
2.1476815
2.1277769
2.128956
2.1204162
2.0964897
2.1285846
2.0964262
2.1080675
2.1033118
2.1066217
2.0935047
2.0911589
2.083184
2.0692713
2.0604258
2.0851653
2.065253
2.0645733
2.055371
2.0427837
2.0484219
2.0459743
2.0466428
2.0394387
2.0112877
2.0318801
2.0316787
2.0297058
2.0215924
2.0094512
2.0277925
2.0000527
2.0093222
2.0087597
2.0227656
2.0047646
1.9770415
1.9771061
1.9769706
1.982686
1.9666567
1.9810213
1.9694705
1.9872762
1.9784111
1.9750999
1.9646842
1.9633623
1.9680816
1.943108
1.9831017
1.9651381
1.9703553
1.9603606
1.9421258
1.9584974
1.9482023
1.9601506
1.9600874
1.961218
1.959554
1.9590505
1.9613063
1.9434001
1.9524482
1.956297
1.9597317
1.9337881
1.9372318
1.9351314
1.923422
1.9316347
1.9355295
1.9347206
1.9323827
1.9253523
1.9420183
1.9414594
1.9347137
1.9185241
1.9331508
1.9330002
1.9239128
1.9214599
1.9005262
1.9316442
1.938388
1.9215678
1.9249632
1.9143426
1.9206182
1.923113
1.9325246
1.9193797
1.916573
1.9076952
1.9013642
1.9107044
1.9200518
1.9206954
1.911217
1.909137
1.8921186
1.9170434
1.8915406
1.9000227
1.9136753
1.9093117
1.8936784
1.8854874
1.9044782
1.89969
1.8944591
1.8908367
1.8685625
1.8887221
1.8612523
1.865447
1.8705162
1.8801949
1.8733066
1.8763231
1.8676933
1.8803756
1.8565298
1.8625103
1.8583248
1.8709352
1.8559113
1.8467133
1.8619581
1.8581241
1.8555733
1.8518202
1.8597543
1.8561245
1.8506554
1.8527018
1.8626852
1.8506023
1.854976
1.8646942
1.8589442
1.848041
1.8402135
1.8392888
1.858205
1.8413006
1.8456699
1.838728
1.8316009
1.8361288
1.8333106
1.8525105
1.8421444
1.843333
1.8524251
1.8445544
1.8338714
1.8386486
1.8517689
1.8387007
1.8241796
1.8464444
1.8296931
1.8319623
1.8390533
1.8383818
1.817773
1.8395349
1.8449172
1.8285626
1.8183533
1.8156291
1.8233176
1.8356018
1.827964
1.8246022
1.8420804
1.8243632
1.8217262
1.8235322
1.8252411
1.8428073
1.8135893
1.831552
1.8175901
1.8199153
1.82706
1.8033757
1.8094878
1.7989535
1.8140231
1.8100176
1.8114103
1.8078356
1.8168503
1.798269
1.8142322
1.7931048
1.7949159
1.7973416
1.795906
1.8011912
1.8016899
1.7851704
1.793347
1.793298
1.8026605
1.7929316
1.8076459
1.8008357
1.7908424
1.8081791
1.788313
1.7880696
1.8025455
1.7947663
1.7810583
1.7927237
1.7831255
1.7970723
1.798697
1.7925125
1.7964392
1.7855381
1.7911712
1.7888156
1.7682433
1.7861155
1.7817596
1.7815125
1.7728682
1.7942113
1.7888032
1.7865864
1.7814157
1.7910784
1.7847191
1.778954
1.7832875
1.7773974
1.7799914
1.7648622
1.7695811
1.7915947
1.7881291
1.7925643
1.7688721
1.7957984
1.7776009
1.7744443
1.7820364
1.7725136
1.7744855
1.786857
1.7705308
1.7695174
