2.8665125
0.33162442
0.40602446
0.52429247
0.61486465
0.6850821
0.73498124
0.76880705
0.795736
0.79936385
0.79971063
0.80943793
0.81475973
0.82994294
0.8402358
0.84655946
0.85470235
0.85931516
0.86786455
0.8734453
0.88012743
0.8890243
0.89045805
0.89056313
0.89046735
0.89211255
0.8931875
0.8938145
0.8941275
0.8966751
0.89573395
0.89738697
0.89754266
0.8977978
0.89817405
0.8996005
0.900119
0.90027386
0.9014399
0.9015143
0.9016368
0.90226805
0.9032161
0.90203893
0.9032819
0.90264726
0.90240973
0.9024589
0.9029999
0.9030418
0.9020677
0.90302676
0.9014294
0.9028674
0.9007233
0.90078855
0.8994519
0.89909565
0.8992762
0.8987347
0.9006511
0.89818084
0.89797825
0.89848876
0.8983097
0.89851266
0.89844126
0.8981778
0.89742583
0.89820564
0.8982008
0.8983477
0.8979453
0.8982876
0.8986375
0.8975131
0.89685774
0.8996176
0.8976332
0.8983003
0.8990112
0.898176
0.8983863
0.8981588
0.8975153
0.89901686
0.8986504
0.89970136
0.8986532
0.89837515
0.89872724
0.8977266
0.89762414
0.89953274
0.89923656
0.8976475
0.89852667
0.8980335
0.8996216
0.8976161
0.8981579
0.89883584
0.89835745
0.8983444
0.89862055
0.8991301
0.898557
0.89837825
0.8982452
0.89847463
0.8987991
0.8986834
0.8990571
0.8969182
0.8990086
0.8991133
0.8986911
0.89930004
0.8986635
0.89854896
0.89823323
0.8989418
0.89878166
0.89716595
0.897825
0.8997096
0.89856064
0.89827144
0.89796305
0.89881736
0.89753276
0.89833426
0.8979169
0.89687186
0.8976226
0.8962779
0.8974505
0.89657795
0.89619184
0.89687675
0.8967928
0.8940058
0.89408004
0.8920123
0.88985544
0.887323
0.8864009
0.8837801
0.8857882
0.88404155
0.8841417
0.8827615
0.8824385
0.88434666
0.88165
0.8824742
0.8808866
0.8813291
0.8813772
0.88204855
0.8817082
0.88132733
0.8813165
0.88293684
0.88176996
0.88142604
0.8810599
0.880853
0.8798383
0.88063896
0.87996036
0.8794384
0.8816735
0.88014215
0.8810551
0.8811541
0.88041097
0.88197315
0.8806261
0.8799919
0.87973684
0.8821525
0.8804255
0.8798973
0.8808384
0.879865
0.87969834
0.8807081
0.8809555
0.8808776
0.8788322
0.8786846
0.87975824
0.8804378
0.8793688
0.8790204
0.88010097
0.8773208
0.8799724
0.879795
0.878525
0.879837
0.8792139
0.8794169
0.8803253
0.87929267
0.8792796
0.8793999
0.8781903
0.87878835
0.87944853
0.8795077
0.88060427
0.8778341
0.8783602
0.879906
0.88009405
0.87777764
0.879825
0.8812346
0.87889504
0.87913334
0.8793147
0.87946886
0.8789452
0.87946737
0.8788563
0.87936324
0.87957835
0.8792877
0.87976474
0.8803835
0.8802365
0.8800926
0.8808356
0.88058954
0.88054824
0.8797615
0.88127375
0.8805628
0.87951034
0.8812979
0.8803327
0.88211495
0.880829
0.88026994
0.8808085
0.88015515
0.8808923
0.88140357
0.87999654
0.8793341
0.879628
0.8795997
0.8799236
0.8798387
0.8794641
0.8794663
0.88080835
0.8800831
0.8798367
0.8808939
0.88083386
0.8786992
0.88050395
0.8799089
0.8804046
0.8799457
0.8802847
0.880041
0.8801598
0.87918866
0.8800033
0.87887794
0.8806847
0.8799902
0.88030934
0.8794576
0.88029474
0.88003683
0.880813
0.87929845
0.8804868
0.8775531
0.8798334
0.8801956
0.8799014
0.8788694
0.88039345
0.88084316
0.8805735
0.8785317
0.8798395
0.878628
0.880536
0.87993765
0.8797937
0.87775373
0.8799416
0.8793938
0.88052696
0.87957084
0.8804477
0.88024676
0.87902176
0.87980795
0.8794034
0.87819135
0.8798265
0.8788512
0.8791618
0.8802977
0.87924224
0.878752
0.8794538
0.8801686
0.8791193
0.8788246
0.8800996
0.8792621
0.87882346
0.8776725
0.0022322633
0.0025149242
0.002045306
0.0020729546
1.003153
1.0107776
1.0178658
1.0021869
1.0091962
0.99845743
1.0137633
1.0101372
1.0092049
1.0112094
1.0183469
1.0135453
1.0180103
1.0143131
1.0247747
1.0110482
1.0212662
1.000886
0.8447733
0.8298055
0.8259857
0.8173806
0.81807643
0.82208353
0.81551224
0.82463956
0.8202589
0.8349537
0.8243801
0.8132607
0.8142369
0.81257516
0.8137783
0.8179125
0.8174654
0.82086134
0.8181668
0.8169105
0.8123896
0.80990833
0.8192465
0.8114252
0.82262367
0.82446474
0.8242157
0.82338345
0.8124141
0.819734
0.8213027
0.81415653
0.82094353
0.8194715
0.8103378
0.8315797
0.82621515
0.82301414
0.8169086
0.8264227
0.820492
0.8318187
0.8207647
0.8107162
0.82576895
0.825913
0.8305603
0.82952076
0.8281564
0.8207765
0.8219823
0.83437437
0.83142084
0.8156089
0.8304267
0.81925285
0.82001656
0.82168776
0.82711786
0.83046186
0.83109677
0.83888155
0.8367121
0.8329721
0.83316064
0.82550836
0.83096576
0.83069384
0.8197764
0.8291619
0.8234292
0.82870775
0.82068974
0.8253589
0.82482934
0.82271266
0.83014745
0.83457893
0.8333415
0.84364563
0.84346884
0.8514229
0.83248574
0.8366901
0.82549167
0.8308779
0.83332574
0.8414631
0.8399816
0.8350115
0.83117247
0.8386164
0.8378962
0.8287568
0.8305264
0.8356881
0.82695514
0.826925
0.8291683
0.8419697
0.83865047
0.84323055
0.84902215
0.8379468
0.8439338
0.8334852
0.8330077
0.82866895
0.8314029
0.83802867
0.84076
0.8473902
0.8311761
0.8329417
0.8427219
0.8388966
0.83565795
0.84110326
0.8321655
0.82606477
0.8405589
0.8330181
0.8390735
0.842258
0.83731663
0.8407422
0.8266192
0.8311583
0.8463311
0.84513265
0.8465879
0.836205
0.8525846
0.84363735
0.83875394
0.84087455
0.8454283
0.8470758
0.83572084
0.83786505
0.8396479
0.71596926
0.70827264
0.69986266
0.6912774
0.695946
0.711054
0.70259166
0.7066711
0.71878713
0.6971002
0.70203847
0.6998118
0.6988924
0.69337124
0.7077875
0.6953536
0.6949774
0.7008729
0.70264566
0.6961568
0.69681877
0.6955807
0.70010483
0.69556606
0.6965583
0.6923097
0.68708247
0.69897
0.6997045
0.6893728
0.6865074
0.69943774
0.69679093
0.6988263
0.69077855
0.7027431
0.70630103
0.7025546
0.6940155
0.70475805
0.70152867
0.70566183
0.6930584
0.69756943
0.6935226
0.70273536
0.69571584
0.6999295
0.6965949
0.6986039
0.6961763
0.7119088
0.7005058
0.7025433
0.7008764
0.69678605
0.69226086
0.69976175
0.70100176
0.6910149
0.6953308
0.694845
0.7029271
0.6945507
0.7003755
0.7010135
0.7101262
0.7003838
0.7002233
0.6971755
0.6958346
0.7113394
0.7000786
0.7018671
0.7029781
0.6930182
0.7033274
0.6970549
0.69470686
0.6980861
0.7050153
0.69808143
0.6985266
0.70738494
0.7051584
0.6996525
0.70493627
0.7016352
0.7014329
0.7019711
0.7019547
0.7019653
0.6918133
0.6949972
0.6981292
0.7016856
0.69920886
0.7052943
0.71525156
0.6950826
0.70639455
0.6950475
0.7061323
0.70619047
0.70403105
0.70825154
0.7106425
0.7072303
0.7065714
0.70806426
0.71217936
0.69149274
0.7046957
0.7148773
0.70162463
0.7044865
0.7098345
0.69957215
0.70268553
0.7004785
0.6991449
0.70236856
0.7055454
0.6990811
0.70649576
0.71326196
0.7068427
0.70153296
0.7070498
0.7095565
0.6970519
0.70349175
0.70526177
0.7102391
0.7111412
0.69696724
0.7042651
0.7067045
0.7049227
0.7137575
0.7087565
0.7074972
0.70674574
0.7129056
0.7144089
0.70811725
0.705442
0.7057707
0.717052
0.70841837
0.7096715
0.70522213
0.70674765
0.6996777
0.7089737
0.70927614
0.7150974
0.7079299
0.7048017
0.7100423
0.7157314
0.7065946
0.71207327
0.7105647
0.70133966
0.7051426
0.70544523
0.70186967
0.7087638
0.7073883
0.71279013
0.7084866
0.706876
0.714375
0.71293575
0.7053503
0.70857054
0.7104277
0.72029537
0.7091655
0.70636886
0.6984229
0.7121656
0.717537
0.70698315
0.7039254
0.70155895
0.70016795
0.7094214
0.70501655
0.7046286
0.7080679
0.7050827
0.7056039
0.7150081
0.7058165
0.7080841
0.71738833
0.71171385
0.7099021
0.7120613
0.70571893
0.713509
0.7108519
0.7143644
0.712172
0.7020266
0.7117078
0.70506585
0.7001225
0.70524156
0.7101506
0.71009207
0.7084913
0.70350164
0.71774155
0.720677
0.71489775
0.71549463
0.71228397
0.7144761
0.72446257
0.72309715
0.71175957
0.7154552
0.71769154
0.710941
0.704377
0.70639634
0.71157235
0.71478784
0.7140663
0.7114793
0.71827924
0.709651
0.7085625
0.7119964
0.7190792
0.719317
0.7151732
0.7069807
0.7142962
0.7195699
0.71760786
0.71170455
0.71255827
0.72753817
0.7177686
0.71410966
0.7130671
0.7133773
0.71617955
0.7219839
0.7132773
0.7082184
0.7124222
0.71576464
0.71995896
0.7120527
0.7137848
0.71492463
0.71648127
0.71280295
0.71269286
0.7128245
0.706991
0.70985574
0.7108449
0.7180386
0.7242621
0.7201699
0.7160519
0.72207654
0.717368
0.7170592
0.7258477
0.7214116
0.71185434
0.7138934
0.7106752
0.7263054
0.7178232
0.7169277
0.7068607
0.7110509
0.719591
0.7069102
0.7109443
0.71393275
0.7172863
0.72503084
0.715494
0.71763575
0.7197629
0.7224768
0.71305764
0.71722543
0.7211006
0.71332806
0.72030145
0.71345013
0.7188785
0.710456
0.7136649
0.7070739
0.7138006
0.7166801
0.7178243
0.70361054
0.713451
0.7139281
0.7175239
0.7176311
0.7127847
0.7165185
0.7223327
0.7117101
0.7124181
0.7256082
0.71527874
0.7213513
0.71905863
0.71136254
0.7170484
0.72154844
0.7225389
0.7266169
0.72908825
0.7156014
0.72188395
0.7179456
0.71994406
0.72290653
0.71896607
0.7125704
0.7248568
0.7193708
0.7187492
0.7078513
0.7193942
0.71981627
0.7227178
0.71935743
0.7159652
0.71088606
0.7202947
0.70759016
0.72138065
0.7137478
0.7159129
0.72074485
0.7194551
0.716556
0.722268
0.7193902
0.7322403
0.7203243
0.72637546
0.7224909
0.72553915
0.7297079
0.7121869
0.726142
0.7188642
0.7185947
0.7177166
0.7144216
0.72811884
0.72021335
0.7166658
0.72555166
0.7346919
0.7280163
0.72371876
0.7240201
0.7195687
0.72081596
0.7207407
0.715755
0.7247345
0.7138426
0.72563916
0.72738117
0.7183144
0.72096276
0.7268157
0.72628033
0.7181693
0.7208024
0.72933537
0.7312239
0.7213406
0.71114916
0.73195744
0.7182017
0.7184915
0.726842
0.72623414
0.72400683
0.73009187
0.7218171
0.7202089
0.7265422
0.7281849
0.7261524
0.71967494
0.72156554
0.72121364
0.7150528
0.7226066
0.7212631
0.72264254
0.7307891
0.7215522
0.72511894
0.72374177
0.7327966
0.72636336
0.72731304
0.7236738
0.71598804
0.7242073
0.7281395
0.72746396
0.7362202
0.7226164
0.72751135
0.7266811
0.72415435
0.72255474
0.7311408
0.7257781
0.7210688
0.72595084
0.72487104
0.73025703
0.7356536
0.72616255
0.72821116
0.7217843
0.7181782
0.73010606
0.72546333
0.72274345
0.7325557
0.7310429
0.7249248
0.7244146
0.72443885
0.7297753
0.7245929
0.7244124
0.72689337
0.7241214
0.7226904
0.7237465
0.7241763
0.7267969
0.72276694
0.7215602
0.72598857
0.71893775
0.72854185
0.73755175
0.72304565
0.7357109
0.72870654
0.72484523
0.7262585
0.72956574
0.72348946
0.72333586
0.72916716
0.7303705
0.7232868
0.7351549
0.73235613
0.72313243
0.7237687
0.7295734
0.7260754
0.72747076
0.7271749
0.72215086
0.7185773
0.73112994
0.724763
0.7263491
0.7310019
0.73015463
0.7315392
0.7322435
0.739372
0.7206424
0.7222716
0.7264409
0.732261
0.7266998
0.7244735
0.7343886
0.73320377
0.7306636
0.73725784
0.7336287
0.7314834
0.7258634
0.7382146
0.7321265
0.7313829
0.7288433
0.7210003
0.73158455
0.73713446
0.73669845
0.73042995
0.7285621
0.7315873
0.73260415
0.7267513
0.7314754
0.7321504
0.73479354
0.7304088
0.7314012
0.7346425
0.73420674
0.7303604
0.7375604
0.72312737
0.7326548
0.7298028
0.7372455
0.7260826
0.7186522
0.72575164
0.71844167
0.7296512
0.7378695
0.7276553
0.73057264
0.73433536
0.7317145
0.727647
0.7309556
0.73900527
0.7318024
0.73753536
0.74129575
0.7331794
0.72731245
0.7294314
0.7275706
0.73863375
0.73526305
0.7329505
0.73206437
0.73113084
0.72703487
0.7390196
0.72533506
0.7312589
