1.1812702
0.49761918
0.4085742
0.32554597
0.26634464
0.22685829
0.19360968
0.17254941
0.15167673
0.14747553
0.14715478
0.13990101
0.13701461
0.12613332
0.11783919
0.11170201
0.10974026
0.10390361
0.09607252
0.09248687
0.08717334
0.07985534
0.07755688
0.077436775
0.076960936
0.07476474
0.074526824
0.0743722
0.07308176
0.072258316
0.07130196
0.07111811
0.07000767
0.07064811
0.0692867
0.06875463
0.06713246
0.06812187
0.06665175
0.067023106
0.06609152
0.06744669
0.0650988
0.06541879
0.06544331
0.064925805
0.06518784
0.065191396
0.06459866
0.06453318
0.06418976
0.06435675
0.06383465
0.064059995
0.064714864
0.06525023
0.06480087
0.06469825
0.064480595
0.06530558
0.064813554
0.06591525
0.06498478
0.06489236
0.06525533
0.06564327
0.065032125
0.06514192
0.064883634
0.06361832
0.06544118
0.0635543
0.064413555
0.06405928
0.06397024
0.06482797
0.06415784
0.06337841
0.0634867
0.06333593
0.063124105
0.06421168
0.06427173
0.06354827
0.063694336
0.0638658
0.063481055
0.062455956
0.062982604
0.06302717
0.06307333
0.063965596
0.06308303
0.062136807
0.062784895
0.063296124
0.062628694
0.062390447
0.06237823
0.06264458
0.06246523
0.062224094
0.06320163
0.06278271
0.06217287
0.062173374
0.0625607
0.062255498
0.062832
0.06219355
0.061651364
0.06250589
0.061070867
0.062050145
0.06216307
0.061675623
0.061856616
0.061536647
0.060721766
0.061739516
0.061081845
0.061293174
0.06126155
0.062240146
0.06246292
0.06176673
0.06116326
0.061111268
0.06186643
0.061775625
0.0618438
0.06099863
0.061542954
0.06267779
0.061129723
0.06215729
0.061390284
0.061039243
0.062254813
0.061401125
0.06212876
0.06384779
0.06336454
0.06455589
0.06716859
0.067615174
0.06797383
0.07035162
0.06899512
0.07050517
0.07002522
0.07097953
0.07070146
0.07099585
0.070760876
0.07093929
0.07220632
0.07123611
0.07080626
0.07129913
0.071065985
0.072513565
0.07057981
0.07048824
0.07111592
0.071089685
0.07154795
0.07181881
0.07217847
0.071813904
0.07134597
0.07311643
0.07114675
0.071650505
0.07153364
0.07106849
0.07138273
0.071326934
0.07197904
0.07137767
0.07161802
0.07150371
0.0717928
0.07147072
0.070596464
0.071395166
0.07120992
0.07130151
0.07098667
0.071384236
0.07226917
0.072598934
0.0712284
0.071287714
0.0722253
0.071743175
0.0714792
0.07210641
0.07087736
0.07177956
0.07147137
0.07123858
0.07132
0.07105102
0.07093325
0.07025424
0.07222317
0.07124671
0.07160044
0.07087919
0.07084813
0.07050467
0.07070966
0.069767125
0.07181157
0.070855014
0.0701131
0.07063357
0.07016893
0.06974035
0.07061403
0.069787204
0.06962234
0.06902096
0.070239
0.06955963
0.069566496
0.06929857
0.068976864
0.06792771
0.06853325
0.06849972
0.06693901
0.068002045
0.067373775
0.067766175
0.0667083
0.06675336
0.066550665
0.066941746
0.067114584
0.06658301
0.067710534
0.06722529
0.06726002
0.066656396
0.067904636
0.06781566
0.065730505
0.06741401
0.066577904
0.06638024
0.06648436
0.066956036
0.066665605
0.06644409
0.067748874
0.066760994
0.06663617
0.067084834
0.066868395
0.06618951
0.06640225
0.0662607
0.06731206
0.06627999
0.06693801
0.06607419
0.06686514
0.06666194
0.067293294
0.06745597
0.06620187
0.06622139
0.06607178
0.06739795
0.066026405
0.06680271
0.065730534
0.0657688
0.06615642
0.06621712
0.06678668
0.067269035
0.06670657
0.066361286
0.06565719
0.066042535
0.06633846
0.066180006
0.06621234
0.06686903
0.06640789
0.06598641
0.06643949
0.066040315
0.0660074
0.06724026
0.066556886
0.06600776
0.065332115
0.06620443
0.065734155
0.06678117
0.06554897
0.06647066
0.066535465
0.0668078
0.06587284
0.06639427
0.06622835
0.06626058
0.065511525
0.067130685
0.065456025
0.065937586
0.066538915
0.06498896
0.0670493
0.06652446
0.06607031
0.0670686
0.00019909978
0.00018323118
0.00019315876
0.00020245573
0.06682568
0.0658492
0.066225514
0.0660595
0.06547459
0.06652571
0.06666596
0.06565688
0.06715796
0.06580392
0.06610316
0.06615888
0.06664871
0.06618127
0.06573068
0.066506796
0.06540754
0.06642488
0.060734164
0.061030317
0.060288128
0.059908673
0.060531348
0.060402874
0.06130125
0.06082633
0.06029557
0.0605214
0.060614634
0.060317706
0.061126534
0.06064098
0.061245758
0.060041387
0.060810175
0.06066388
0.06065907
0.06101232
0.060135394
0.060561296
0.060770888
0.06069623
0.060478043
0.0613108
0.06013848
0.060047
0.06030144
0.06037175
0.060278278
0.060909577
0.060202867
0.060668103
0.06028084
0.060399175
0.060644295
0.05970414
0.060409673
0.060143687
0.060624577
0.060708005
0.059960246
0.05959663
0.06120548
0.059802823
0.06104368
0.059815988
0.06001701
0.060438816
0.061175816
0.060381405
0.060240194
0.0606346
0.059700344
0.059785776
0.060675208
0.060296196
0.06029838
0.05983841
0.059706647
0.06062833
0.0600221
0.060059264
0.060063668
0.06043116
0.060355805
0.05934264
0.060022492
0.059642937
0.0600581
0.06060178
0.059781853
0.060019594
0.06023755
0.06023862
0.060698368
0.05970015
0.059985936
0.05934589
0.059788406
0.060329616
0.059778128
0.058992665
0.060421627
0.060345393
0.059726994
0.059530713
0.060102142
0.05957838
0.060039256
0.06017923
0.05952433
0.059867874
0.0597601
0.060075365
0.059864916
0.060156476
0.060215857
0.059436273
0.05992044
0.05918273
0.059852257
0.059570335
0.05941513
0.060650878
0.059655175
0.059038915
0.05983773
0.059630897
0.05938677
0.059649117
0.060003597
0.058797296
0.060195185
0.0603388
0.059700623
0.0600552
0.059412356
0.059425455
0.060080532
0.059397075
0.059373535
0.059492003
0.0601849
0.05958865
0.059163306
0.060158335
0.059846096
0.059955195
0.059824128
0.05950226
0.059648853
0.059457023
0.059446853
0.059479497
0.059666198
0.05915418
0.059094675
0.059365634
0.060165796
0.055963833
0.055913765
0.055899892
0.056056976
0.05643997
0.05657144
0.05625044
0.055224676
0.056180295
0.05628298
0.055401787
0.056175347
0.056016747
0.05581773
0.05602795
0.056174755
0.055271637
0.05632128
0.05568947
0.05562833
0.056467034
0.056338485
0.05582857
0.05625014
0.055661432
0.05560359
0.055886917
0.05571529
0.056029603
0.055385146
0.055554
0.0563351
0.056329288
0.05573851
0.055369146
0.056127228
0.055519354
0.05608492
0.05637602
0.056181647
0.056027964
0.055415716
0.05662435
0.055305365
0.056542575
0.055351745
0.055921055
0.055913627
0.055878267
0.055356238
0.055556875
0.05544367
0.05507169
0.05606202
0.055982742
0.055908
0.055634588
0.056095034
0.05508094
0.055446636
0.054985274
0.05603666
0.055610612
0.055114068
0.055699352
0.05647198
0.055445716
0.05524749
0.055667568
0.05543238
0.0558661
0.05538211
0.055237498
0.05585264
0.05554148
0.05561501
0.05550106
0.055620328
0.055032246
0.055540305
0.055622797
0.05568942
0.055551253
0.056319572
0.055276938
0.055173732
0.055518966
0.055199903
0.055388834
0.05525818
0.055561066
0.055419173
0.05570185
0.05536715
0.05572974
0.055304516
0.055265922
0.055287044
0.05545823
0.055828135
0.05546079
0.055385195
0.055479456
0.0553803
0.05576872
0.055887766
0.055347506
0.054441694
0.055421177
0.05619242
0.05472615
0.05518269
0.05562397
0.055452503
0.054698918
0.055311106
0.055275917
0.05563232
0.05484704
0.055049848
0.055608522
0.055534936
0.055405874
0.054970156
0.05523201
0.054606367
0.055206813
0.05515732
0.055822745
0.05530169
0.055733643
0.05516367
0.05538437
0.055961665
0.055328555
0.055210337
0.055398025
0.056207612
0.055651456
0.05504469
0.05510733
0.055681877
0.055534028
0.05521383
0.054822188
0.055797644
0.055079214
0.055429
0.05541836
0.054885417
0.054809835
0.05523796
0.054691214
0.055760562
0.05548093
0.055205718
0.05530897
0.05500148
0.055250052
0.055143043
0.055357486
0.055526808
0.055600375
0.05476241
0.05548687
0.054564834
0.05567914
0.054622766
0.055047903
0.055494744
0.055253733
0.05520706
0.05514696
0.055413246
0.05537692
0.055435687
0.055239875
0.055828985
0.054928303
0.055208124
0.05496464
0.055442348
0.05538511
0.054826014
0.055238087
0.05543471
0.054962497
0.054791916
0.054831665
0.055093896
0.05523399
0.05487414
0.055373207
0.055151854
0.05553866
0.055135347
0.055164896
0.05523577
0.055194348
0.055129047
0.05530441
0.055024847
0.054398168
0.055066682
0.05494256
0.05507852
0.054648116
0.055181835
0.054921478
0.055300806
0.054786995
0.055286177
0.05546797
0.05477733
0.05508168
0.05515645
0.055191103
0.0553399
0.055557486
0.05437458
0.05479044
0.055576917
0.055445503
0.055595886
0.055318803
0.05500295
0.055120107
0.05440914
0.055567324
0.055173233
0.05452831
0.0554457
0.055386707
0.054810937
0.054950748
0.054793335
0.05473092
0.05492369
0.055122748
0.055313237
0.055166516
0.05460956
0.05515847
0.054934934
0.05497237
0.05442034
0.055607576
0.0548118
0.05421803
0.05540921
0.054914378
0.05520878
0.054897513
0.055221114
0.05498286
0.055671837
0.05513799
0.05517757
0.05509926
0.05441094
0.055109836
0.05567342
0.05467889
0.055006403
0.05468588
0.05554863
0.05460547
0.054856382
0.0551802
0.05483432
0.054636747
0.055521883
0.055073615
0.054680567
0.054579996
0.05500087
0.055122014
0.055514295
0.054465897
0.054822788
0.055498663
0.05463041
0.054831047
0.055278655
0.05485631
0.05476339
0.05522978
0.05515645
0.054909654
0.05525835
0.05468342
0.055320736
0.055037595
0.05535439
0.054995496
0.055348337
0.054860983
0.05481053
0.05523803
0.05471009
0.054848507
0.055321783
0.0551979
0.054537464
0.055199455
0.055205114
0.05457965
0.05453047
0.054601874
0.055058323
0.05491551
0.05514738
0.054907136
0.054663714
0.05454243
0.055726267
0.054853093
0.054481234
0.055441614
0.054679196
0.054701056
0.056089994
0.05431802
0.05480593
0.05539321
0.055099614
0.054936025
0.054884046
0.05480428
0.05492879
0.05458814
0.05484075
0.054841053
0.05490649
0.054584462
0.054434266
0.05479253
0.05453952
0.055362057
0.054362796
0.055040613
0.054769997
0.05490755
0.055133894
0.0549859
0.054301243
0.054840274
0.054649267
0.05434951
0.05540987
0.055515636
0.054616474
0.054970205
0.0552929
0.054329604
0.054740977
0.054775547
0.054731727
0.054825686
0.054497138
0.054909173
0.054714415
0.05468118
0.054965526
0.054262113
0.054697175
0.054913152
0.05570266
0.05503085
0.054906037
0.054414656
0.054970432
0.054835953
0.05466924
0.054375637
0.05469828
0.054117534
0.054900393
0.054814287
0.055160396
0.05470827
0.054728013
0.05456087
0.05525466
0.05450338
0.05495672
0.055084884
0.054526642
0.05492833
0.054535545
0.054747764
0.055443168
0.05473799
0.05497203
0.054161176
0.05503507
0.05533974
0.054921903
0.054583937
0.054969624
0.054642294
0.05461723
0.054795835
0.055273425
0.054549433
0.054303497
0.054722726
0.05420234
0.055162065
0.055075385
0.055291623
0.05439391
0.054939196
0.054963883
0.05494022
0.054277
0.05415865
0.055168025
0.054591443
0.054465115
0.054968253
0.0547935
0.054827053
0.054575223
0.055239197
0.054862212
0.05424826
0.054667037
0.054938577
0.05450525
0.055122644
0.05477174
0.054908235
0.054697797
0.053874504
0.055003773
0.05523362
0.05477629
0.054511867
0.053915728
0.054915737
0.05493679
0.055121034
0.054394692
0.054634914
0.054724246
0.05475055
0.05429342
0.054842886
0.05490384
0.054366164
0.054776594
0.054867886
0.054612484
0.054665077
0.054669075
0.054661654
0.054745786
0.054405157
0.0546343
0.05483016
0.05467839
0.05507941
0.053850725
0.054124285
0.054927986
0.054559015
0.055067673
0.054721344
0.05464196
0.054883428
0.05413044
0.05531982
0.054582175
0.054305516
0.0548775
0.054276794
0.05487802
0.054541606
0.054302435
0.054933365
0.055402458
0.05520333
0.054374218
0.054160144
0.054651577
0.054952953
0.054906845
0.05468649
0.054765604
0.054506816
0.055082932
0.05492967
0.05376747
0.05413799
0.05500743
0.054711528
0.0547368
0.054321513
0.05529591
0.0542928
0.05453304
0.054806754
0.05428084
0.054888897
0.054913074
0.05477555
0.054892257
0.054399896
0.054585565
0.05479889
0.054020345
0.05471065
0.055139296
0.054007575
0.05453868
0.05479572
0.054891706
0.054761004
0.054354414
0.05492272
0.054665193
0.054567795
0.054775376
0.054995764
0.05476017
0.054668892
0.054008324
0.054469526
0.054876037
0.05452408
0.054747537
0.054001413
0.05492145
0.054350384
0.054161917
0.0552732
0.054150656
0.05415394
0.054116838
0.05400419
0.054675322
0.054781098
0.053860765
0.05491764
0.054635733
0.054890458
0.053785935
0.054578368
0.054926187
0.054860104
0.05406795
0.05543317
0.054988943
0.05451643
0.05424664
0.05457705
0.054210335
0.054378785
0.05467154
0.05422153
