6.416931e-8
1.6350337e-7
2.4526042e-7
3.271979e-7
4.0888725e-7
4.902968e-7
5.7065773e-7
5.717411e-7
5.725167e-7
5.717348e-7
5.7261985e-7
5.724958e-7
5.724342e-7
5.727705e-7
5.719497e-7
5.726185e-7
5.729391e-7
5.7334057e-7
5.727699e-7
5.718772e-7
5.72602e-7
5.7277356e-7
5.722682e-7
5.715213e-7
5.715992e-7
5.7276765e-7
5.7258023e-7
5.7291925e-7
5.7280056e-7
5.723202e-7
5.7218847e-7
5.7248724e-7
5.73214e-7
5.7232995e-7
5.7131234e-7
5.7184957e-7
5.712059e-7
5.721263e-7
5.726163e-7
5.716241e-7
5.714206e-7
5.724692e-7
5.725125e-7
5.7141403e-7
5.725107e-7
5.7124214e-7
5.7229477e-7
5.7227777e-7
5.718579e-7
5.72005e-7
5.730278e-7
5.7272786e-7
5.7207933e-7
5.724636e-7
5.7179886e-7
5.7223764e-7
5.7180813e-7
5.723534e-7
5.7175635e-7
5.732294e-7
5.7301554e-7
5.721377e-7
5.722332e-7
5.7315265e-7
5.7271774e-7
5.734084e-7
5.7272075e-7
5.7340065e-7
5.7230415e-7
