1.875105e-7
1.6979682e-7
1.7033227e-7
1.6997414e-7
1.7027482e-7
1.702783e-7
1.7019755e-7
1.6999024e-7
1.6996971e-7
1.7023764e-7
1.6989868e-7
1.6995527e-7
1.6997605e-7
1.6993222e-7
1.6980319e-7
1.7018415e-7
1.7025242e-7
1.6970398e-7
1.6991932e-7
1.6984691e-7
1.7011604e-7
1.6999762e-7
1.7009442e-7
1.7005172e-7
1.6974177e-7
1.7000411e-7
1.6994854e-7
1.6979952e-7
1.701789e-7
1.6998172e-7
1.7003575e-7
1.7047782e-7
1.7055923e-7
1.6995298e-7
1.7017503e-7
1.7016635e-7
1.7039771e-7
1.6974121e-7
1.6982672e-7
1.6970601e-7
1.7010265e-7
1.6944703e-7
1.7026635e-7
1.7001274e-7
1.703764e-7
1.7015621e-7
1.697812e-7
1.702098e-7
1.6987345e-7
1.7064102e-7
1.7027835e-7
1.7011288e-7
1.6959243e-7
1.6994956e-7
1.696708e-7
1.6986314e-7
1.6974921e-7
1.7017689e-7
1.6949585e-7
1.7024666e-7
1.7011118e-7
1.696654e-7
1.7008236e-7
1.699696e-7
1.701718e-7
1.6999027e-7
1.6999306e-7
1.7044438e-7
1.6990187e-7
