6.328611e-6
6.0714683e-6
6.0739067e-6
6.0646857e-6
6.0712946e-6
6.0689417e-6
6.067235e-6
6.075722e-6
6.071589e-6
6.078629e-6
6.074349e-6
6.0702077e-6
6.0638863e-6
6.069585e-6
6.0617526e-6
6.0730913e-6
6.0719135e-6
6.07274e-6
6.074052e-6
6.0658485e-6
6.068526e-6
6.0703524e-6
6.0755847e-6
6.070815e-6
6.0732236e-6
6.071705e-6
6.0759494e-6
6.071282e-6
6.072433e-6
6.0737925e-6
6.0745033e-6
6.069453e-6
6.0752755e-6
6.0772895e-6
6.069809e-6
6.0719267e-6
6.071248e-6
6.0691323e-6
6.0716898e-6
6.0709617e-6
6.071538e-6
6.070331e-6
6.07293e-6
6.0709535e-6
6.0739944e-6
6.070466e-6
6.072611e-6
6.0708726e-6
6.070684e-6
6.075988e-6
6.073512e-6
6.0748202e-6
6.0692646e-6
6.074609e-6
6.0664293e-6
6.067471e-6
6.067347e-6
6.074994e-6
6.069521e-6
6.072978e-6
6.069536e-6
6.0734724e-6
6.0683046e-6
6.0714656e-6
6.0715415e-6
6.069976e-6
6.0713132e-6
6.077954e-6
6.0735892e-6
