3.0849304e-7
2.4352644e-7
2.4368745e-7
2.4291214e-7
2.435216e-7
2.42796e-7
2.42907e-7
2.4325269e-7
2.4306922e-7
2.4404233e-7
2.4365335e-7
2.4340798e-7
2.4303787e-7
2.4319021e-7
2.418982e-7
2.4374657e-7
2.4376476e-7
2.4304683e-7
2.4331703e-7
2.4290924e-7
2.4321432e-7
2.431575e-7
2.43387e-7
2.4289062e-7
2.4283437e-7
2.4325348e-7
2.432968e-7
2.423644e-7
2.4319064e-7
2.4344686e-7
2.4336302e-7
2.4341642e-7
2.438255e-7
2.4266808e-7
2.4333278e-7
2.4347938e-7
2.4308483e-7
2.432212e-7
2.432944e-7
2.4240396e-7
2.428984e-7
2.4316716e-7
2.43791e-7
2.4359977e-7
2.4373765e-7
2.4304504e-7
2.431268e-7
2.4286908e-7
2.4273248e-7
2.4361344e-7
2.440424e-7
2.4340784e-7
2.4281357e-7
2.4363587e-7
2.4283756e-7
2.4281223e-7
2.4275792e-7
2.4369425e-7
2.4307735e-7
2.4347898e-7
2.4386537e-7
2.4365661e-7
2.43064e-7
2.4323495e-7
2.4300033e-7
2.428164e-7
2.4291484e-7
2.433255e-7
2.436841e-7
