6.8246122e-6
6.484795e-6
6.487944e-6
6.477568e-6
6.4850683e-6
6.4820165e-6
6.480354e-6
6.488971e-6
6.4846354e-6
6.4929077e-6
6.487888e-6
6.4835904e-6
6.476904e-6
6.482707e-6
6.47344e-6
6.4870273e-6
6.4859237e-6
6.4854858e-6
6.4872706e-6
6.478599e-6
6.481853e-6
6.4835212e-6
6.4890705e-6
6.4837413e-6
6.485807e-6
6.484957e-6
6.489185e-6
6.483438e-6
6.485804e-6
6.487225e-6
6.48791e-6
6.4833444e-6
6.4896476e-6
6.489908e-6
6.4832966e-6
6.4855585e-6
6.4847245e-6
6.4821033e-6
6.484819e-6
6.4830524e-6
6.4845435e-6
6.482948e-6
6.4869887e-6
6.4845726e-6
6.4880987e-6
6.483683e-6
6.4855126e-6
6.483946e-6
6.483284e-6
6.490247e-6
6.4878222e-6
6.4883347e-6
6.4816772e-6
6.488199e-6
6.478932e-6
6.4801347e-6
6.479856e-6
6.488865e-6
6.482073e-6
6.4867027e-6
6.483517e-6
6.4867927e-6
6.4814485e-6
6.484661e-6
6.48472e-6
6.4828087e-6
6.4842334e-6
6.491725e-6
6.4871883e-6
