9.287544e-9
1.5293054e-8
1.9489713e-8
2.3018128e-8
2.5968212e-8
2.836268e-8
3.049898e-8
3.243888e-8
3.4196994e-8
3.58402e-8
3.7402934e-8
3.889475e-8
4.034334e-8
4.1797527e-8
4.323529e-8
4.4624798e-8
4.5983015e-8
4.731658e-8
4.863755e-8
4.9928943e-8
5.118257e-8
7.997108e-8
8.1165965e-8
8.212864e-8
8.307257e-8
8.38647e-8
8.464658e-8
8.5342926e-8
8.6188585e-8
8.6802885e-8
8.742805e-8
8.816082e-8
8.882003e-8
8.948732e-8
9.016492e-8
9.0881834e-8
9.157922e-8
9.222767e-8
9.288455e-8
9.3519844e-8
9.4121425e-8
9.470292e-8
1.0706594e-7
1.0672623e-7
1.0725914e-7
1.072721e-7
1.0713558e-7
1.07183965e-7
1.07046176e-7
1.0695096e-7
1.06894575e-7
1.0692156e-7
1.07023105e-7
1.0702281e-7
1.07061716e-7
1.0719686e-7
1.0718663e-7
1.07169505e-7
1.0712656e-7
1.071414e-7
1.0721168e-7
1.07223634e-7
1.0721822e-7
1.0811797e-7
1.0770483e-7
1.0748517e-7
1.0750136e-7
1.074266e-7
1.0758878e-7
1.0781377e-7
1.08042414e-7
1.0808375e-7
1.08091804e-7
1.0811418e-7
1.0816762e-7
1.0862279e-7
1.0855466e-7
1.07371335e-7
1.10179705e-7
1.0800976e-7
1.0876608e-7
1.0949713e-7
1.0818723e-7
1.1025142e-7
1.09338714e-7
1.0866564e-7
1.08624114e-7
1.0948657e-7
1.0943843e-7
1.0909758e-7
1.0922358e-7
1.0959025e-7
1.10998414e-7
1.09753756e-7
1.0963348e-7
1.0984571e-7
1.1083104e-7
1.10302906e-7
1.1007404e-7
1.0965538e-7
1.098866e-7
1.09508704e-7
1.09215165e-7
1.0887154e-7
1.10129946e-7
1.0933608e-7
1.09549575e-7
1.0999166e-7
1.09610966e-7
1.1109092e-7
1.11109536e-7
1.104945e-7
1.1204664e-7
1.10427806e-7
1.1047753e-7
1.11102935e-7
1.11583745e-7
1.1145211e-7
1.10608845e-7
1.10155334e-7
1.1074191e-7
1.1112504e-7
1.1100233e-7
1.1127928e-7
1.11341116e-7
1.1125173e-7
1.11919526e-7
1.10987536e-7
1.1056973e-7
1.1197877e-7
1.1222165e-7
1.1284745e-7
1.123994e-7
1.1131854e-7
1.118733e-7
1.1112744e-7
1.12608724e-7
1.11998204e-7
1.1135923e-7
1.11053254e-7
1.12667045e-7
1.11706036e-7
1.11248376e-7
1.11596194e-7
1.1164607e-7
1.1225732e-7
1.1273526e-7
1.1195857e-7
1.1219925e-7
1.1277003e-7
1.138692e-7
1.1212874e-7
1.1154941e-7
1.1355222e-7
1.12909376e-7
1.1053826e-7
1.1235778e-7
1.12765875e-7
1.1335144e-7
1.1331239e-7
1.1222165e-7
1.12774416e-7
1.1280351e-7
1.12986434e-7
1.1194692e-7
1.1219649e-7
1.1251073e-7
1.1236704e-7
1.1203553e-7
1.1254462e-7
1.1329625e-7
1.12802304e-7
1.1292929e-7
1.13457475e-7
1.12083384e-7
1.1207556e-7
1.1316523e-7
1.13719196e-7
1.1356169e-7
1.1332894e-7
1.13178054e-7
1.12767935e-7
1.12885004e-7
1.1319718e-7
1.13342736e-7
1.1289346e-7
1.1410049e-7
1.12973765e-7
1.13855506e-7
1.13594446e-7
1.14101674e-7
1.1434214e-7
1.13835384e-7
1.1382121e-7
1.13567275e-7
1.1352148e-7
1.1375587e-7
1.13036776e-7
1.1335365e-7
1.1312691e-7
1.1369857e-7
1.1345957e-7
1.15602425e-7
1.13156936e-7
1.1422322e-7
1.147183e-7
1.1400568e-7
1.1504063e-7
1.1456946e-7
1.1413048e-7
1.14084145e-7
1.143676e-7
1.1470994e-7
1.1426704e-7
1.1492781e-7
1.13811005e-7
1.1331634e-7
1.1344761e-7
1.14848675e-7
1.1414263e-7
1.1484221e-7
1.1353168e-7
1.140179e-7
1.15717384e-7
1.1532433e-7
1.1442615e-7
1.14584196e-7
1.14913846e-7
1.15046035e-7
1.1486038e-7
1.14423365e-7
1.1496608e-7
1.1464095e-7
1.1381181e-7
1.1449113e-7
1.1497965e-7
1.1412004e-7
1.14795945e-7
1.1486207e-7
1.14809254e-7
1.159419e-7
1.1596059e-7
1.1492779e-7
1.1565478e-7
1.156473e-7
1.15062356e-7
1.16049286e-7
1.1560456e-7
1.1414061e-7
1.14944044e-7
