4.273278e-7
3.4770594e-7
3.162203e-7
2.97543e-7
2.843217e-7
2.7479942e-7
2.6688434e-7
2.6036957e-7
2.5491633e-7
2.5063994e-7
2.468298e-7
2.4341102e-7
2.4041498e-7
2.3781493e-7
2.3542209e-7
2.3333304e-7
2.313497e-7
2.2963235e-7
2.2810526e-7
2.2673181e-7
2.2545763e-7
2.0241795e-7
2.0141862e-7
2.0176113e-7
2.0217186e-7
2.0254505e-7
2.0319595e-7
2.0357395e-7
2.0380007e-7
2.0425863e-7
2.0467255e-7
2.0498238e-7
2.0538782e-7
2.0580573e-7
2.0609728e-7
2.0650408e-7
2.0680723e-7
2.0720111e-7
2.0763392e-7
2.0800124e-7
2.084051e-7
2.0885552e-7
2.1846853e-7
2.1830355e-7
2.1764541e-7
2.1719109e-7
2.1765791e-7
2.1738815e-7
2.1705581e-7
2.1692352e-7
2.1672584e-7
2.1655242e-7
2.1635576e-7
2.1620056e-7
2.1604407e-7
2.1585552e-7
2.1580139e-7
2.156235e-7
2.155364e-7
2.1534811e-7
2.1513833e-7
2.1493442e-7
2.1475876e-7
2.1254314e-7
2.1231472e-7
2.125338e-7
2.1207181e-7
2.1158915e-7
2.1135901e-7
2.1105596e-7
2.1069184e-7
2.1065347e-7
2.1068723e-7
2.1045666e-7
2.1053239e-7
2.093342e-7
2.0697533e-7
2.075607e-7
2.0819185e-7
2.1041274e-7
2.0952733e-7
2.0587895e-7
2.0651571e-7
2.0738099e-7
2.0681422e-7
2.0624324e-7
2.0589593e-7
2.0609457e-7
2.0758648e-7
2.0783855e-7
2.0643526e-7
2.0814352e-7
2.0613356e-7
2.0534414e-7
2.059644e-7
2.0459318e-7
2.0336802e-7
2.0297315e-7
2.0499373e-7
2.054398e-7
2.0607771e-7
2.0521192e-7
2.0418257e-7
2.0250442e-7
2.0347933e-7
2.0340453e-7
2.0455266e-7
2.0334927e-7
2.039889e-7
2.0237366e-7
2.035932e-7
2.0330741e-7
2.0162585e-7
2.0090492e-7
2.0102223e-7
2.0431965e-7
2.0336384e-7
2.0300737e-7
2.013991e-7
2.0360987e-7
1.9984442e-7
2.0171079e-7
1.9947265e-7
2.015908e-7
2.0074565e-7
1.9911836e-7
2.011955e-7
2.0031277e-7
2.0213014e-7
1.9918686e-7
1.9995187e-7
2.019178e-7
1.9933842e-7
1.9981347e-7
2.0160404e-7
1.9939331e-7
2.0102965e-7
2.0067525e-7
2.0027814e-7
2.005568e-7
2.0026818e-7
1.9820301e-7
1.9853624e-7
1.9845143e-7
1.9848548e-7
1.9882391e-7
1.9956646e-7
1.9807449e-7
1.9851244e-7
1.9706869e-7
1.9684234e-7
1.9559964e-7
2.0012992e-7
1.9716968e-7
2.0014433e-7
1.9773293e-7
1.9721102e-7
1.9827526e-7
1.958e-7
1.9910516e-7
1.9850876e-7
1.9651502e-7
1.9513253e-7
1.9645402e-7
1.9856562e-7
1.9804187e-7
1.9748403e-7
1.9599534e-7
1.9503022e-7
1.9663987e-7
1.9432436e-7
1.949301e-7
1.9541235e-7
1.9500217e-7
1.9646603e-7
1.9473833e-7
1.937942e-7
1.9459418e-7
1.9434691e-7
1.9672719e-7
1.9466607e-7
1.9740573e-7
1.9445464e-7
1.9558962e-7
1.9549395e-7
1.9469698e-7
1.9421358e-7
1.9605689e-7
1.9481486e-7
1.9528284e-7
1.9348956e-7
1.9272106e-7
1.9510452e-7
1.9343582e-7
1.94135e-7
1.930806e-7
1.9650808e-7
1.9364334e-7
1.9526497e-7
1.9275501e-7
1.948504e-7
1.9352791e-7
1.9394791e-7
1.9467053e-7
1.9220481e-7
1.9300835e-7
1.9137522e-7
1.9117853e-7
1.9219507e-7
1.9128956e-7
1.9296134e-7
1.9059648e-7
1.9065602e-7
1.933595e-7
1.9337861e-7
1.9183719e-7
1.9300738e-7
1.9149508e-7
1.9291038e-7
1.8794402e-7
1.9214511e-7
1.912207e-7
1.9082307e-7
1.917637e-7
1.9040067e-7
1.919249e-7
1.9141902e-7
1.9009461e-7
1.921499e-7
1.9228659e-7
1.8949991e-7
1.9069158e-7
1.91708e-7
1.8871545e-7
1.9287914e-7
1.9001004e-7
1.9440824e-7
1.8797206e-7
1.8952451e-7
1.8856473e-7
1.911373e-7
1.924839e-7
1.9288993e-7
1.8983084e-7
1.9024897e-7
1.8855015e-7
1.9071322e-7
1.9049665e-7
1.8853576e-7
1.8984082e-7
