1.5651501e-7
1.4190003e-7
1.3632065e-7
1.3284021e-7
1.3064617e-7
1.2910017e-7
1.2781459e-7
1.2665309e-7
1.2573184e-7
1.2525602e-7
1.2467436e-7
1.2417348e-7
1.2379374e-7
1.2339986e-7
1.2309268e-7
1.2286519e-7
1.2259184e-7
1.2227842e-7
1.2206505e-7
1.2187253e-7
1.2164627e-7
1.172606e-7
1.1779026e-7
1.1765854e-7
1.178337e-7
1.1818288e-7
1.1847599e-7
1.1837399e-7
1.1842215e-7
1.1839887e-7
1.1846579e-7
1.1845386e-7
1.1845392e-7
1.1843821e-7
1.184691e-7
1.18470915e-7
1.18471185e-7
1.1854975e-7
1.1866272e-7
1.1865949e-7
1.1875903e-7
1.1877607e-7
1.2014127e-7
1.1939719e-7
1.193896e-7
1.1932444e-7
1.1932103e-7
1.1919394e-7
1.1926205e-7
1.1923461e-7
1.1915796e-7
1.19109636e-7
1.1915242e-7
1.191848e-7
1.19170565e-7
1.1914323e-7
1.19189075e-7
1.19115384e-7
1.1909279e-7
1.1913353e-7
1.19124316e-7
1.19142896e-7
1.1912012e-7
1.18681555e-7
1.1817618e-7
1.1858132e-7
1.18457685e-7
1.18376114e-7
1.18588815e-7
1.1867859e-7
1.1867175e-7
1.1856227e-7
1.1850905e-7
1.18409936e-7
1.1860781e-7
1.1890179e-7
1.17004596e-7
1.1715648e-7
1.1843099e-7
1.1952572e-7
1.1928367e-7
1.1755349e-7
1.17755505e-7
1.1844752e-7
1.18516766e-7
1.1732635e-7
1.17238415e-7
1.18272496e-7
1.1887352e-7
1.1869648e-7
1.18006334e-7
1.1772339e-7
1.1701019e-7
1.18961786e-7
1.17399374e-7
1.17450504e-7
1.16827565e-7
1.1635187e-7
1.16867774e-7
1.17210085e-7
1.1819393e-7
1.1726673e-7
1.1824686e-7
1.1721044e-7
1.1705002e-7
1.1938548e-7
1.1763116e-7
1.18739756e-7
1.17153014e-7
1.1742442e-7
1.1739057e-7
1.19069504e-7
1.1830363e-7
1.17607094e-7
1.17348236e-7
1.1812832e-7
1.1765701e-7
1.18350364e-7
1.1709248e-7
1.18294786e-7
1.1584553e-7
1.186449e-7
1.15311536e-7
1.17214874e-7
1.1835712e-7
1.1740126e-7
1.17789824e-7
1.1726831e-7
1.1687757e-7
1.17872766e-7
1.16491584e-7
1.175996e-7
1.1655206e-7
1.1757095e-7
1.1803768e-7
1.1657768e-7
1.1808276e-7
1.1721804e-7
1.17113736e-7
1.1833459e-7
1.1835255e-7
1.166979e-7
1.1570589e-7
1.171915e-7
1.1664636e-7
1.18357335e-7
1.1785094e-7
1.16416075e-7
1.1728472e-7
1.16824616e-7
1.1746081e-7
1.1523227e-7
1.16978654e-7
1.1697748e-7
1.18719846e-7
1.1619023e-7
1.1637565e-7
1.1742886e-7
1.153025e-7
1.17590915e-7
1.1721809e-7
1.1645078e-7
1.15534945e-7
1.16361754e-7
1.1804818e-7
1.1782728e-7
1.1711513e-7
1.15342935e-7
1.1680614e-7
1.168576e-7
1.1564265e-7
1.1628493e-7
1.1709877e-7
1.1620416e-7
1.1663312e-7
1.1557785e-7
1.1597791e-7
1.15593785e-7
1.15899795e-7
1.18041775e-7
1.1688397e-7
1.165711e-7
1.1495328e-7
1.18127254e-7
1.17183426e-7
1.1701043e-7
1.17247396e-7
1.16431956e-7
1.15509685e-7
1.1641978e-7
1.17010615e-7
1.1625446e-7
1.1647304e-7
1.1524926e-7
1.16728565e-7
1.1601665e-7
1.1719949e-7
1.1584953e-7
1.15678255e-7
1.1541078e-7
1.1640045e-7
1.1633187e-7
1.1688006e-7
1.1634627e-7
1.1548769e-7
1.1742904e-7
1.1568973e-7
1.1673588e-7
1.15066044e-7
1.1572268e-7
1.171069e-7
1.1561797e-7
1.1491367e-7
1.1682233e-7
1.1634277e-7
1.16707376e-7
1.1565821e-7
1.1546199e-7
1.16523964e-7
1.1461529e-7
1.16154894e-7
1.17075416e-7
1.15907e-7
1.183233e-7
1.14833476e-7
1.1615503e-7
1.1644103e-7
1.15017755e-7
1.1573139e-7
1.1762462e-7
1.14000116e-7
1.1455883e-7
1.16474666e-7
1.1594767e-7
1.1589414e-7
1.14404436e-7
1.17332476e-7
1.1495285e-7
1.1472526e-7
1.1527666e-7
1.1802112e-7
1.16504125e-7
1.16071284e-7
1.16917306e-7
1.15811325e-7
1.1458083e-7
1.15620516e-7
1.16829234e-7
1.1442219e-7
1.1577478e-7
