2.734247e-7
2.669207e-7
2.6351387e-7
2.609651e-7
2.5898285e-7
2.57335e-7
2.5581107e-7
2.5453943e-7
2.53349e-7
2.524784e-7
2.516849e-7
2.5087033e-7
2.5006938e-7
2.4941988e-7
2.488198e-7
2.4827264e-7
2.4777927e-7
2.472504e-7
2.468022e-7
2.463909e-7
2.4598458e-7
2.3776583e-7
2.371659e-7
2.3722575e-7
2.3728047e-7
2.375321e-7
2.3771774e-7
2.3768708e-7
2.3753459e-7
2.3765107e-7
2.3768104e-7
2.3763869e-7
2.3769029e-7
2.377097e-7
2.3772557e-7
2.3772358e-7
2.3772816e-7
2.3775354e-7
2.3777982e-7
2.3779747e-7
2.3783613e-7
2.3788012e-7
2.3846331e-7
2.384758e-7
2.3807029e-7
2.3780598e-7
2.3788672e-7
2.3783794e-7
2.377125e-7
2.3768091e-7
2.3761096e-7
2.3753802e-7
2.3745885e-7
2.3751959e-7
2.3742666e-7
2.3738376e-7
2.3739507e-7
2.3727932e-7
2.3727593e-7
2.3721678e-7
2.3715113e-7
2.3703927e-7
2.370157e-7
2.370557e-7
2.3662827e-7
2.3645323e-7
2.3624207e-7
2.359132e-7
2.359463e-7
2.3587467e-7
2.3573199e-7
2.3556811e-7
2.355893e-7
2.3549414e-7
2.3549177e-7
2.3520485e-7
2.3465557e-7
2.3350091e-7
2.3439718e-7
2.3560122e-7
2.3527302e-7
2.3326734e-7
2.336901e-7
2.3423988e-7
2.3450633e-7
2.3336453e-7
2.3345403e-7
2.3448958e-7
2.3484198e-7
2.3494165e-7
2.3354987e-7
2.3512837e-7
2.3405941e-7
2.34654e-7
2.3416247e-7
2.3345035e-7
2.3199797e-7
2.3253594e-7
2.3379425e-7
2.3393487e-7
2.3393649e-7
2.3371872e-7
2.3347171e-7
2.3279777e-7
2.3374243e-7
2.3269119e-7
2.3367096e-7
2.3364746e-7
2.3322346e-7
2.3289718e-7
2.3311624e-7
2.3383787e-7
2.3259689e-7
2.3204876e-7
2.3242413e-7
2.3398755e-7
2.3325238e-7
2.3321705e-7
2.3226225e-7
2.3388567e-7
2.3123664e-7
2.3308442e-7
2.3169054e-7
2.3265392e-7
2.3216627e-7
2.3209286e-7
2.3308554e-7
2.3189925e-7
2.3298787e-7
2.3190879e-7
2.3173894e-7
2.3282952e-7
2.320597e-7
2.3219874e-7
2.3289832e-7
2.3225867e-7
2.330538e-7
2.3244799e-7
2.3202297e-7
2.3231532e-7
2.3275511e-7
2.307741e-7
2.3102751e-7
2.3142596e-7
2.3153456e-7
2.3216009e-7
2.3185387e-7
2.3191853e-7
2.3126162e-7
2.3140109e-7
2.3133404e-7
2.3018731e-7
2.3224618e-7
2.3079642e-7
2.3290323e-7
2.3207123e-7
2.3182541e-7
2.3206888e-7
2.3080986e-7
2.319837e-7
2.3214297e-7
2.307731e-7
2.3028649e-7
2.301013e-7
2.3132945e-7
2.3089171e-7
2.3154571e-7
2.3035547e-7
2.3079569e-7
2.3127627e-7
2.305303e-7
2.2984011e-7
2.3074242e-7
2.3089899e-7
2.31204e-7
2.3045818e-7
2.302301e-7
2.2983959e-7
2.3055524e-7
2.307467e-7
2.312937e-7
2.3116645e-7
2.3064125e-7
2.3031497e-7
2.3088843e-7
2.3036138e-7
2.3055156e-7
2.312561e-7
2.3122978e-7
2.3074209e-7
2.3052134e-7
2.299443e-7
2.3080631e-7
2.3018562e-7
2.3010985e-7
2.2996676e-7
2.3167935e-7
2.3019234e-7
2.3109014e-7
2.3001833e-7
2.3092302e-7
2.3067842e-7
2.2972758e-7
2.3079046e-7
2.2963506e-7
2.2976582e-7
2.2996038e-7
2.2902996e-7
2.2945007e-7
2.2953348e-7
2.3014425e-7
2.2946679e-7
2.2914806e-7
2.3001543e-7
2.2963036e-7
2.3023804e-7
2.2991894e-7
2.302439e-7
2.2996267e-7
2.2739103e-7
2.2994166e-7
2.2959763e-7
2.2981433e-7
2.2984595e-7
2.2918762e-7
2.303647e-7
2.2963695e-7
2.2863685e-7
2.2988856e-7
2.3010939e-7
2.2852814e-7
2.2916274e-7
2.296939e-7
2.2859768e-7
2.2973478e-7
2.2869489e-7
2.3092345e-7
2.2866317e-7
2.2869999e-7
2.2808896e-7
2.2968153e-7
2.3024543e-7
2.3005701e-7
2.2953411e-7
2.2911907e-7
2.2883934e-7
2.2914548e-7
2.2930315e-7
2.2882503e-7
2.2961854e-7
