8.572679e-7
7.565266e-7
7.1605604e-7
6.9134904e-7
6.739516e-7
6.612354e-7
6.505107e-7
6.415622e-7
6.339982e-7
6.283748e-7
6.23189e-7
6.1845486e-7
6.1427835e-7
6.106347e-7
6.073343e-7
6.0447155e-7
6.017207e-7
5.99161e-7
5.969728e-7
5.9499524e-7
5.930876e-7
5.5744476e-7
5.5637486e-7
5.5664617e-7
5.572865e-7
5.5826047e-7
5.593901e-7
5.59635e-7
5.597571e-7
5.603092e-7
5.608201e-7
5.610755e-7
5.615323e-7
5.619542e-7
5.622933e-7
5.6269704e-7
5.630051e-7
5.63503e-7
5.640744e-7
5.644561e-7
5.649986e-7
5.6551005e-7
5.770737e-7
5.7617706e-7
5.7510533e-7
5.7432135e-7
5.7486517e-7
5.744195e-7
5.7403054e-7
5.738384e-7
5.7349484e-7
5.7320017e-7
5.7296774e-7
5.7290504e-7
5.726412e-7
5.7238196e-7
5.7238606e-7
5.7201913e-7
5.7190607e-7
5.7169984e-7
5.7141534e-7
5.711179e-7
5.708954e-7
5.682804e-7
5.6711906e-7
5.675686e-7
5.667718e-7
5.65878e-7
5.658942e-7
5.6560947e-7
5.650951e-7
5.6478297e-7
5.6478444e-7
5.643595e-7
5.646299e-7
5.634405e-7
5.5863586e-7
5.582184e-7
5.610201e-7
5.6553944e-7
5.6408373e-7
5.5669966e-7
5.5796136e-7
5.6006854e-7
5.59837e-7
5.5693414e-7
5.565885e-7
5.58857e-7
5.613025e-7
5.6147667e-7
5.5799137e-7
5.6099543e-7
5.5720363e-7
5.5895975e-7
5.575267e-7
5.554941e-7
5.521935e-7
5.5186086e-7
5.556556e-7
5.565849e-7
5.582085e-7
5.5619773e-7
5.5590107e-7
5.525125e-7
5.542719e-7
5.554809e-7
5.5585474e-7
5.5573594e-7
5.5436533e-7
5.526956e-7
5.540999e-7
5.562145e-7
5.525264e-7
5.5056046e-7
5.507947e-7
5.564359e-7
5.54273e-7
5.545746e-7
5.507541e-7
5.5579056e-7
5.469261e-7
5.534402e-7
5.464754e-7
5.514595e-7
5.5126907e-7
5.486125e-7
5.5207147e-7
5.494805e-7
5.519951e-7
5.489683e-7
5.481826e-7
5.5234665e-7
5.479501e-7
5.495833e-7
5.525395e-7
5.482295e-7
5.521662e-7
5.503411e-7
5.494146e-7
5.512068e-7
5.513759e-7
5.456753e-7
5.452696e-7
5.4706925e-7
5.4666685e-7
5.493418e-7
5.4927125e-7
5.464088e-7
5.470592e-7
5.4529403e-7
5.4563753e-7
5.41019e-7
5.4935384e-7
5.4494393e-7
5.517676e-7
5.459944e-7
5.4541226e-7
5.4777314e-7
5.419123e-7
5.4867945e-7
5.478697e-7
5.43739e-7
5.409542e-7
5.429171e-7
5.4794305e-7
5.467608e-7
5.461442e-7
5.416937e-7
5.426319e-7
5.447742e-7
5.404973e-7
5.4105544e-7
5.4325346e-7
5.421052e-7
5.443029e-7
5.407745e-7
5.400023e-7
5.400278e-7
5.408016e-7
5.455155e-7
5.428431e-7
5.451428e-7
5.400493e-7
5.4403176e-7
5.435661e-7
5.420689e-7
5.4201263e-7
5.437455e-7
5.4155436e-7
5.4244435e-7
5.410214e-7
5.3892006e-7
5.4238444e-7
5.388703e-7
5.4097364e-7
5.390645e-7
5.453875e-7
5.3968506e-7
5.4203355e-7
5.3818405e-7
5.4217395e-7
5.405384e-7
5.405551e-7
5.418075e-7
5.373273e-7
5.4020336e-7
5.370252e-7
5.369441e-7
5.367115e-7
5.365458e-7
5.402126e-7
5.356815e-7
5.3471746e-7
5.401966e-7
5.3935116e-7
5.3878296e-7
5.3858423e-7
5.372007e-7
5.3939726e-7
5.299505e-7
5.382419e-7
5.3789364e-7
5.3654503e-7
5.3993256e-7
5.344214e-7
5.3844474e-7
5.374968e-7
5.337492e-7
5.3777023e-7
5.400208e-7
5.320281e-7
5.3441295e-7
5.3787664e-7
5.332606e-7
5.385078e-7
5.331093e-7
5.426644e-7
5.315887e-7
5.329501e-7
5.319306e-7
5.388401e-7
5.392337e-7
5.390184e-7
5.3628213e-7
5.351801e-7
5.319705e-7
5.354797e-7
5.366288e-7
5.317831e-7
5.35234e-7
