0.035515696
0.08144676
0.12217931
0.1631006
0.20277749
0.24397731
0.28451893
0.28506196
0.28405893
0.28504306
0.28445587
0.28456286
0.28457898
0.28580335
0.28501973
0.28500265
0.28545716
0.28548828
0.2841502
0.28434366
0.28468713
0.28495112
0.28504995
0.2846887
0.28569835
0.2846527
0.28521982
0.28500113
0.28391287
0.28444245
0.28506348
0.28516662
0.28455958
0.2849255
0.28446952
0.28480506
0.28473663
0.2845091
0.28467405
0.28518108
0.2842225
0.2845543
0.28546596
0.28509378
0.28460917
0.28482544
0.28539082
0.28519052
0.2851375
0.2850265
0.28498387
0.28466302
0.28473824
0.2847069
0.28537148
0.28474703
0.2848114
0.28557009
0.28501117
0.2846344
0.28451177
0.28545928
0.2845245
0.28541157
0.28550664
0.28501734
