0.34481564
0.32650474
0.3274213
0.32838818
0.32654515
0.3262266
0.32744682
0.32728437
0.32613164
0.32718065
0.327686
0.3259216
0.32748693
0.32634395
0.32770458
0.32717404
0.3280153
0.32664374
0.3265218
0.32738462
0.32572302
0.327519
0.32771823
0.3277384
0.32707155
0.32638043
0.32857156
0.326623
0.32665664
0.32776958
0.32800204
0.3280027
0.32585588
0.3268363
0.32622644
0.3274583
0.32684126
0.3277845
0.32655826
0.32742918
0.3264582
0.32670033
0.32813746
0.32660034
0.32734683
0.3276591
0.3275195
0.32764623
0.32741708
0.3268695
0.32772005
0.3271812
0.32657006
0.32754833
0.32661805
0.32665065
0.3269873
0.3277561
0.32735056
0.32683593
0.32597014
0.3282711
0.3272934
0.3269487
0.32649246
0.32724798
