0.34670183
0.33392352
0.3343351
0.33441064
0.33440822
0.33407265
0.33458182
0.33443293
0.33428428
0.33436006
0.3346774
0.33445385
0.33428994
0.33431166
0.33467177
0.33473527
0.3346682
0.3345603
0.33484945
0.334289
0.33416367
0.33444026
0.33445802
0.33437893
0.33435854
0.3341189
0.33425122
0.33447164
0.3342455
0.3344217
0.33465382
0.334629
0.3343654
0.33420175
0.33452812
0.33480135
0.33422855
0.33416402
0.33430934
0.33448717
0.33419865
0.33445334
0.33465907
0.33425444
0.334457
0.3342826
0.33428052
0.33427283
0.3345486
0.33418122
0.33478576
0.33427182
0.33442533
0.33449876
0.3341124
0.33427426
0.33445013
0.33441228
0.33413115
0.33433858
0.33399877
0.3350803
0.3341977
0.3342964
0.33423102
0.33448002
