0.41357115
0.31531277
0.31527776
0.31585094
0.31503314
0.3148003
0.31592563
0.31549302
0.31466776
0.3152829
0.31607395
0.31506136
0.31555894
0.31483972
0.31514648
0.31673616
0.31643775
0.3151739
0.31606013
0.31499222
0.31463942
0.31567755
0.31529623
0.31538418
0.31519946
0.3144548
0.3156787
0.31516486
0.3146583
0.31567812
0.31684363
0.31625855
0.31506014
0.3150655
0.31568918
0.31607822
0.31522653
0.31483203
0.31486112
0.31568974
0.31417933
0.31538364
0.31557772
0.31482032
0.3148239
0.31531397
0.3161275
0.31517816
0.31527165
0.31448862
0.31567138
0.31559622
0.3146501
0.31596196
0.3144658
0.31526124
0.31567997
0.31590092
0.31480005
0.31528893
0.31416208
0.31717756
0.31544244
0.31532815
0.31563213
0.31606293
