1.1050855
0.97573745
0.97703636
0.9786508
0.97598803
0.97509706
0.9779555
0.9772094
0.9750837
0.97682285
0.97843564
0.9754352
0.9773342
0.975495
0.9775195
0.9786471
0.9791215
0.9763792
0.97743106
0.97666514
0.97452617
0.97763824
0.97747016
0.97750217
0.9766313
0.974953
0.97850233
0.97626173
0.97556067
0.9778713
0.9794994
0.9788889
0.9752816
0.97610253
0.97644496
0.97833973
0.97629464
0.9767819
0.9757304
0.9776089
0.9748358
0.97653776
0.978374
0.9756758
0.9766269
0.9772541
0.9779262
0.97709787
0.97723657
0.97554123
0.97817785
0.9770501
0.9756441
0.97800815
0.97519827
0.97618705
0.9771167
0.97806877
0.9762829
0.97646415
0.9741309
0.980529
0.976933
0.9765718
0.9763554
0.9777897
