2.7628085e-8
5.2326165e-8
5.5283493e-8
5.3936233e-8
5.374179e-8
5.5699918e-8
5.7273102e-8
5.60639e-8
5.7463406e-8
5.9424888e-8
5.898113e-8
5.9481767e-8
5.9505116e-8
6.086099e-8
6.1268665e-8
6.232986e-8
6.214271e-8
6.301469e-8
6.40114e-8
6.562176e-8
6.617929e-8
6.979052e-8
6.889548e-8
6.9767054e-8
6.9290564e-8
7.096425e-8
7.134695e-8
7.2356556e-8
7.254923e-8
7.297156e-8
7.306703e-8
7.392331e-8
7.362468e-8
7.473862e-8
7.524849e-8
7.499767e-8
7.677931e-8
7.613319e-8
7.514858e-8
7.659479e-8
7.689115e-8
7.691891e-8
7.694644e-8
7.800961e-8
7.811322e-8
7.7640394e-8
7.747319e-8
7.752347e-8
7.813022e-8
7.6918305e-8
7.838603e-8
7.838349e-8
7.7761506e-8
