5.859504e-7
3.707859e-7
3.570694e-7
3.4208207e-7
3.3284215e-7
3.1997178e-7
3.1690308e-7
3.0829221e-7
3.0506882e-7
3.0036634e-7
3.0219408e-7
2.9505426e-7
2.9227363e-7
2.9219e-7
2.8871952e-7
2.8828205e-7
2.8741917e-7
2.8610853e-7
2.8122545e-7
2.789962e-7
2.7793817e-7
2.7029023e-7
2.679491e-7
2.6872146e-7
2.6881403e-7
2.6468473e-7
2.6097544e-7
2.607541e-7
2.5991486e-7
2.570921e-7
2.5623604e-7
2.5677141e-7
2.511036e-7
2.5219674e-7
2.5287562e-7
2.5165332e-7
2.4843345e-7
2.480425e-7
2.4647042e-7
2.4817948e-7
2.4650487e-7
2.4529587e-7
2.4637205e-7
2.4323154e-7
2.432476e-7
2.4420254e-7
2.4351337e-7
2.4215927e-7
2.4469904e-7
2.4049726e-7
2.4249744e-7
2.422892e-7
2.4103971e-7
