1.7159638e-7
1.341915e-7
1.3443291e-7
1.3200892e-7
1.3293409e-7
1.3116562e-7
1.3162891e-7
1.2920971e-7
1.2949478e-7
1.2880247e-7
1.2913671e-7
1.2787753e-7
1.2742582e-7
1.2854362e-7
1.275238e-7
1.2720685e-7
1.270775e-7
1.2799032e-7
1.2711166e-7
1.277913e-7
1.260266e-7
1.2674577e-7
1.2456913e-7
1.2632259e-7
1.2576238e-7
1.2558505e-7
1.2220193e-7
1.2426862e-7
1.252646e-7
1.2496643e-7
1.2345359e-7
1.2543579e-7
1.2327648e-7
1.2423523e-7
1.2420581e-7
1.2473176e-7
1.2369e-7
1.233532e-7
1.2095484e-7
1.2206937e-7
1.2399576e-7
1.2321027e-7
1.2291768e-7
1.2251243e-7
1.2264522e-7
1.2345357e-7
1.223989e-7
1.2155651e-7
1.2441532e-7
1.216397e-7
1.2291889e-7
1.2241432e-7
1.227817e-7
