2.7610574e-7
2.6288464e-7
2.6136692e-7
2.5967822e-7
2.5950226e-7
2.5784328e-7
2.5784743e-7
2.564663e-7
2.5496306e-7
2.5498153e-7
2.5564034e-7
2.541074e-7
2.5282426e-7
2.542688e-7
2.526017e-7
2.5249238e-7
2.5229056e-7
2.5140247e-7
2.5070847e-7
2.5054095e-7
2.4994256e-7
2.4966405e-7
2.4919552e-7
2.4887967e-7
2.4938916e-7
2.4819374e-7
2.4713583e-7
2.476396e-7
2.4715393e-7
2.4744355e-7
2.4679818e-7
2.475234e-7
2.460064e-7
2.4681347e-7
2.464e-7
2.468599e-7
2.4530894e-7
2.4615105e-7
2.4515796e-7
2.455417e-7
2.4463426e-7
2.4523715e-7
2.4506926e-7
2.4300803e-7
2.4386156e-7
2.4484254e-7
2.447349e-7
2.436561e-7
2.4471768e-7
2.4304634e-7
2.4392995e-7
2.439886e-7
2.4317825e-7
