1.0336524e-6
7.6786137e-7
7.5286914e-7
7.3376884e-7
7.252791e-7
7.0898045e-7
7.0637947e-7
6.939685e-7
6.8952653e-7
6.8415034e-7
6.869715e-7
6.770399e-7
6.725239e-7
6.7500196e-7
6.6884485e-7
6.6798066e-7
6.667874e-7
6.6550126e-7
6.5904567e-7
6.573288e-7
6.539075e-7
6.467003e-7
6.4171445e-7
6.43924e-7
6.439646e-7
6.384635e-7
6.303128e-7
6.326625e-7
6.323335e-7
6.295022e-7
6.2648763e-7
6.2973055e-7
6.203867e-7
6.2324466e-7
6.234806e-7
6.2324466e-7
6.174322e-7
6.175466e-7
6.1258373e-7
6.1579055e-7
6.15135e-7
6.1374374e-7
6.143589e-7
6.0875175e-7
6.097548e-7
6.1249904e-7
6.1064765e-7
6.073714e-7
6.1383247e-7
6.0518283e-7
6.093459e-7
6.086924e-7
6.069993e-7
