0.015033986
0.033862326
0.04524375
0.0576504
0.071991965
0.08819888
0.09828139
0.10809027
0.116186604
0.123716444
0.1323193
0.1409573
0.145495
0.15106562
0.15463546
0.16343996
0.16612478
0.17132609
0.17353822
0.17831019
0.17802294
0.18246505
0.18269408
0.18162006
0.18064083
0.1790563
0.17922445
0.1785837
0.1782139
0.17902729
0.18044125
0.1794097
0.17813812
0.1777231
0.17840934
0.1774937
0.1794705
0.18044478
0.18016826
0.18058348
0.18011841
0.18134919
0.18144433
0.18295485
0.18127641
0.18190947
0.18132788
0.18211052
0.18223813
0.18242645
0.18167888
0.18490729
0.18405268
0.1838908
0.18403563
0.18377373
0.1859001
0.1855407
0.18390062
0.1857406
0.18401852
0.18712825
0.18714961
0.18508884
0.18720694
0.18767163
0.18738598
0.1884623
0.1892843
0.18999383
0.18951707
0.18949607
0.1910547
0.18819329
0.19007787
0.18986031
0.1886171
0.18865861
0.18843384
0.1890756
0.19108126
0.18995413
0.19025914
0.18982826
0.19201295
0.19150561
0.19128875
0.19039698
0.19091797
0.18992853
0.19340663
0.19340223
0.191759
0.19343978
0.19140333
0.19383891
0.19253442
0.19256438
0.19591984
0.19371225
0.19345169
0.19351886
0.19357307
0.193603
0.1942636
0.19428548
0.19478267
0.1957024
0.19555353
0.19203885
0.19373453
0.19529109
0.19608666
0.19417372
0.19490696
0.19522831
0.1969142
0.19585206
0.19386283
0.19580778
0.19753528
0.19619456
0.19475745
0.19572024
0.19558246
0.19838563
0.19732368
0.19493794
0.19620362
0.19774103
0.19674961
0.1987796
0.19680417
0.19703533
0.1976219
0.19902949
0.19537853
0.19804378
0.19805653
0.19752489
0.19868465
0.19671838
0.19855188
0.19846913
0.19979139
0.19802533
0.1998039
0.20011155
0.1981944
0.19934516
0.19923528
0.20020583
0.19894211
0.20008412
0.19949262
0.19979288
0.19974118
0.20105563
0.20083113
0.1992456
0.20024146
0.20137273
0.19986707
0.20016195
0.19991037
0.19946253
0.20103572
0.20111446
0.20315237
0.2007075
0.20116349
0.20170937
0.20311202
0.20246628
0.20225914
0.20356622
0.20013511
0.20181958
0.19907755
0.20076132
0.20087996
0.20280656
0.20157856
0.20216483
0.2044469
0.20190786
0.20276718
0.20202067
0.20345926
0.20025077
0.20428135
0.2038327
0.2040707
0.20058608
0.20323592
0.2035164
0.20168911
0.20290373
0.20384748
0.203147
0.20240144
0.20388713
0.20177348
0.20363736
0.20317473
0.20305803
0.20400755
