0.7966107
0.75252974
0.7373841
0.7189397
0.7107754
0.699754
0.70049405
0.7005406
0.699373
0.7043776
0.7023559
0.7014587
0.7045896
0.70466137
0.7033087
0.7067066
0.7135568
0.7107015
0.7129801
0.71640944
0.71839243
0.720371
0.72566307
0.72329926
0.7305121
0.727276
0.73382103
0.7334428
0.7317663
0.7267728
0.72689676
0.734883
0.73306483
0.7299775
0.72580093
0.72901195
0.72878444
0.72577643
0.72710586
0.7319534
0.7296803
0.72297424
0.7299982
0.7249703
0.7245788
0.7246154
0.72765374
0.72926176
0.72313315
0.7231801
0.7225927
0.725355
0.7278551
0.72383416
0.7232325
0.7283329
0.72419775
0.72422326
0.721663
0.72037864
0.72409284
0.72295004
0.7235031
0.72419536
0.7178768
0.72162795
0.72418845
0.71876174
0.723137
0.720024
0.722172
0.71958077
0.7197082
0.71742964
0.72335666
0.7235976
0.7184039
0.72266823
0.720881
0.7207092
0.72176117
0.71526206
0.72116405
0.7214832
0.72125316
0.7182776
0.7200592
0.7191674
0.719923
0.7192869
0.71899986
0.7228639
0.71491134
0.71705574
0.7194497
0.7166636
0.71809226
0.72220445
0.71523243
0.71682894
0.7154725
0.7173005
0.7227063
0.71645707
0.7177544
0.72254914
0.7141161
0.7155711
0.7157187
0.7172497
0.713229
0.7189958
0.7183322
0.713002
0.719691
0.7176547
0.71034724
0.7129037
0.7215854
0.7182113
0.71466917
0.71214557
0.71692914
0.71760124
0.71586907
0.71418107
0.71272945
0.7151312
0.7146524
0.7167871
0.71857977
0.7168858
0.71162355
0.7142748
0.7126064
0.71340984
0.71377116
0.71965826
0.71406776
0.7120016
0.7149161
0.7152497
0.7118258
0.7118607
0.7141727
0.7149736
0.707252
0.7088827
0.718122
0.7150542
0.71304584
0.71282977
0.71290725
0.71429664
0.7130811
0.71185035
0.7175136
0.71268255
0.71324295
0.70933425
0.7149229
0.71670085
0.7127225
0.70846444
0.70765984
0.7153174
0.7127516
0.71027434
0.7115396
0.7131881
0.7136442
0.71185815
0.70860046
0.71402454
0.7100253
0.7121129
0.714338
0.711259
0.71216995
0.7099104
0.7061655
0.7105725
0.71241224
0.7152756
0.7149034
0.71250993
0.7099345
0.71316016
0.7126195
0.70995283
0.70906186
0.7157434
0.7113398
0.70800126
0.7100205
0.70888156
0.7096098
0.7096605
0.71159244
0.7140876
0.70990366
0.71306133
0.7104116
0.7148153
0.70689946
0.7124059
0.7114161
