1.5572828
1.4722929
1.4374847
1.4065723
1.3725567
1.3629382
1.3527211
1.353128
1.3474543
1.3495928
1.350971
1.3502239
1.3516572
1.3498536
1.3508335
1.3535564
1.3615953
1.3565239
1.361146
1.3601714
1.3712512
1.3687574
1.3733983
1.3791015
1.385474
1.3841544
1.3894687
1.3892359
1.3864273
1.3831589
1.3809934
1.382662
1.3889
1.3835403
1.3811206
1.3849155
1.3781942
1.3803467
1.3790331
1.3816384
1.3806105
1.3764002
1.3748307
1.3763231
1.3776833
1.3752291
1.3764449
1.3764404
1.3738365
1.3745222
1.3746092
1.3735293
1.374414
1.3725365
1.369657
1.3767866
1.370063
1.3679855
1.3722762
1.369215
1.3716425
1.3675903
1.3728285
1.3690892
1.3648828
1.3685031
1.3675778
1.3651083
1.3693
1.3634875
1.3656671
1.3630985
1.3628385
1.3667321
1.3671604
1.3659303
1.3638628
1.3637404
1.3674257
1.3649198
1.3627561
1.3642081
1.3640355
1.3637273
1.362026
1.3617786
1.3612868
1.3611001
1.3623034
1.3633631
1.3614984
1.3602076
1.361649
1.3596346
1.3609033
1.3600546
1.3599095
1.363108
1.3547208
1.3611066
1.360723
1.358069
1.3618975
1.3570863
1.3580402
1.3600379
1.3604147
1.3556666
1.3559725
1.3582324
1.3577832
1.3586735
1.355006
1.3579928
1.3575909
1.3576463
1.3514547
1.3544557
1.3621666
1.3575702
1.357605
1.3514897
1.3582358
1.3562912
1.3571168
1.3524442
1.3544759
1.3558278
1.3595349
1.351942
1.3550726
1.3534131
1.3546805
1.3553754
1.353826
1.3558573
1.3527116
1.354994
1.3556871
1.35376
1.3536856
1.3552939
1.3531505
1.3520925
1.35033
1.3538915
1.3489064
1.3501194
1.353691
1.3543255
1.3525296
1.3498924
1.3519202
1.3514371
1.3534914
1.3506367
1.3558307
1.3509951
1.3505691
1.3491607
1.3506154
1.3501507
1.3495624
1.3512977
1.3513337
1.3530583
1.3528994
1.3493671
1.3461746
1.3528335
1.3506721
1.3503788
1.3468859
1.3529645
1.3463542
1.3479574
1.349454
1.3522712
1.3509369
1.3482783
1.3464416
1.3487325
1.3502614
1.350292
1.3474367
1.3468045
1.3485067
1.3489898
1.3477691
1.3507135
1.3459537
1.3499298
1.3454069
1.3505923
1.3453314
1.3444687
1.3501759
1.3480408
1.3467091
1.3481884
1.3449355
1.3486046
1.3483888
1.3485214
1.3449111
1.3464988
1.3495446
