-0.29379743
-0.23589878
-0.19674349
-0.18070026
-0.1774746
-0.16598356
-0.15834995
-0.15239258
-0.14565805
-0.13980803
-0.13108164
-0.12793642
-0.12236139
-0.118114166
-0.11331407
-0.10948885
-0.10508813
-0.10247214
-0.09855015
-0.09661927
-0.09017732
-0.08845224
-0.085111566
-0.08108664
-0.077774495
-0.0743877
-0.074333
-0.07414536
-0.07384681
-0.07411284
-0.074765846
-0.074308485
-0.074000716
-0.07349876
-0.073941536
-0.07349359
-0.07433517
-0.07493209
-0.07465881
-0.07484485
-0.074671
-0.07513871
-0.07539005
-0.07583663
-0.07490434
-0.075428
-0.075118266
-0.07549122
-0.07555673
-0.07557686
-0.07528944
-0.07656905
-0.076251924
-0.07619787
-0.07638163
-0.07628681
-0.07702645
-0.076890536
-0.07618845
-0.07695617
-0.07611779
-0.07755432
-0.07754683
-0.07684082
-0.07743376
-0.07788545
-0.07778168
-0.07809121
-0.078485556
-0.07868199
-0.078596376
-0.078438535
-0.07906637
-0.07795535
-0.07877229
-0.07869301
-0.07834637
-0.07812296
-0.078177795
-0.07835138
-0.07933364
-0.078809485
-0.07857062
-0.078610025
-0.07950197
-0.07936622
-0.079427324
-0.07882776
-0.079182014
-0.07878672
-0.08002789
-0.08005079
-0.07958881
-0.08014029
-0.07932033
-0.08025921
-0.07970137
-0.0796989
-0.081174605
-0.08048473
-0.08002127
-0.08009526
-0.08031185
-0.08016774
-0.08050586
-0.08047557
-0.080714814
-0.081058934
-0.08109219
-0.079573885
-0.08030342
-0.08091674
-0.08127223
-0.080512635
-0.080528915
-0.080797315
-0.08146615
-0.08142149
-0.080325805
-0.08118794
-0.08183698
-0.08114159
-0.080602914
-0.08093071
-0.08109761
-0.08209674
-0.08186744
-0.08080348
-0.081402205
-0.08187109
-0.08136754
-0.08231212
-0.081547104
-0.08152913
-0.08199018
-0.08246449
-0.08110058
-0.08185523
-0.08223494
-0.0818594
-0.082288556
-0.08139628
-0.08240257
-0.082282245
-0.08263888
-0.082111984
-0.082757615
-0.082933396
-0.08212851
-0.08278144
-0.08267658
-0.0829171
-0.08230931
-0.082854494
-0.08253802
-0.08284218
-0.082746334
-0.08325526
-0.08321375
-0.08279402
-0.08283713
-0.08344866
-0.08295749
-0.08277898
-0.08276223
-0.08252741
-0.08333399
-0.083120085
-0.08430867
-0.083340034
-0.08343066
-0.08343371
-0.084179305
-0.083886206
-0.083907686
-0.08418918
-0.08300342
-0.0837003
-0.08253134
-0.083163604
-0.08338547
-0.08396695
-0.083503954
-0.08371412
-0.08480896
-0.0837077
-0.083983585
-0.08376309
-0.08441606
-0.08291125
-0.08462306
-0.08449567
-0.084544435
-0.083224304
-0.08404915
-0.084602706
-0.08354382
-0.08412049
-0.08457371
-0.08397555
-0.08399414
-0.084404424
-0.08361908
-0.084354326
-0.084163696
-0.084284045
-0.08457494
