0.014870857
0.00063841
-0.001041073
-0.0026336918
-0.0019533292
-0.0012239253
-0.0012075221
-0.00088805554
-0.0008509383
-0.0008901436
-0.0008746066
-0.0006131957
-0.00030876114
-0.00047205816
-0.000408082
-0.00034334083
-0.00018278617
-0.0003573565
-0.00014575769
-0.000121592566
-0.0002647643
-0.00029686512
8.4281164e-5
-0.00013433833
-7.347034e-5
-0.00031941524
0.0001516932
-0.00012465219
-0.00011546084
-0.00011070244
-0.00018771163
0.00022714204
-7.649717e-5
-3.9868326e-5
-7.789396e-6
0.00011982569
-3.312602e-5
-0.00024106482
-5.9585804e-5
-1.4262453e-5
-0.00015447162
-5.5409737e-6
-0.000105750514
-3.430957e-5
3.103539e-5
-1.6145288e-5
4.451082e-5
0.00012419399
-2.5396388e-5
-0.00012669405
0.00011641603
-1.3199441e-5
-0.0001523712
-8.7647706e-5
-8.022337e-5
7.037081e-5
-0.00026206032
-0.00015241875
-0.00023138378
-0.00021380732
6.0328584e-5
1.9612118e-5
-0.00017285743
5.672135e-5
-0.00025760228
0.00013313291
0.00018086025
-0.00018393782
-0.00011066911
-1.3514869e-5
3.069875e-5
1.071664e-5
7.958185e-6
-0.00021508845
-6.6811925e-5
-0.0001821089
-9.087007e-5
1.6761638e-5
-0.00034702747
-4.067762e-5
0.00011487015
-3.222676e-5
-9.24742e-5
9.447985e-6
7.985187e-5
-7.734166e-5
0.00020022198
2.9960981e-6
2.2861361e-6
-5.5180408e-5
-4.68159e-5
5.7542526e-5
-2.6058133e-5
-5.228405e-5
-0.000106469015
1.3950635e-6
-1.607156e-5
-7.917608e-5
-9.218777e-5
-0.00014530229
0.00014006044
-0.00010896411
-8.940751e-5
-8.160263e-5
-4.106957e-5
-7.9255806e-5
3.0549425e-5
-3.831256e-5
-5.9457918e-5
-0.00010932141
-2.1364433e-5
-0.00010478648
6.850615e-5
-1.6073096e-5
-8.75546e-5
0.00012707042
9.111329e-5
7.3267483e-6
-0.00034205
-0.00013956703
-0.00015037229
2.9388088e-5
-1.9915022e-5
-4.50683e-5
-0.00013933767
-0.00012694109
-1.7958351e-5
5.027374e-5
0.00026319834
-0.00010635376
-0.00017314452
0.00015919877
-7.927627e-5
-0.00017999101
-8.600098e-5
6.550267e-5
0.000101180296
-0.000118728625
-0.00013278428
-0.00014114761
-3.9245755e-5
2.0256042e-5
-9.579e-5
-5.789858e-5
-0.000102843835
7.266182e-5
-8.710769e-5
-1.281761e-5
-4.409868e-5
-0.0001884304
-0.00015461529
-4.644011e-5
-3.48787e-5
-0.0001081584
-2.9420798e-5
-0.00026062835
-8.916434e-5
-0.00032910018
0.00035956045
-0.00021103509
6.749335e-5
-9.620378e-5
0.00020244949
5.5273515e-5
-0.00028516573
5.028014e-5
-8.947745e-5
-0.00019356227
3.9694933e-5
-0.00015825717
4.929821e-5
-3.3318476e-5
-3.8046614e-6
-9.325337e-5
-3.7833095e-5
0.00014574152
-9.0438865e-5
-0.00021440312
2.3362929e-5
-9.2132075e-5
-0.00017160886
0.00010261474
5.0971496e-5
-9.6023854e-5
-0.00028062062
4.7156995e-5
-0.00018504124
-0.000104403196
3.826903e-5
5.0468334e-5
-0.00018608496
-5.3324744e-5
2.4943267e-5
-0.00012262564
-4.3393404e-5
1.2364788e-5
-3.683739e-5
-4.0424286e-5
-3.219384e-5
-7.9328616e-5
2.237922e-5
-2.6854028e-5
-0.00013699647
-3.877469e-5
-0.00014775064
-0.00019835813
-0.0001621097
