2.3538938
2.2248218
2.1748676
2.1255102
2.0833313
2.0626893
2.0532126
2.0536706
2.0468261
2.0539713
2.053325
2.051678
2.0562482
2.0545151
2.0541399
2.0602653
2.0751538
2.067228
2.0741272
2.076583
2.0896444
2.089128
2.0990615
2.1024013
2.115988
2.111429
2.1232903
2.122677
2.1181893
2.1099303
2.1078892
2.1175427
2.1219668
2.1135225
2.106919
2.113923
2.106979
2.1061242
2.1061356
2.11359
2.1102917
2.0993764
2.1048295
2.101294
2.102263
2.099844
2.1040971
2.1057036
2.0969715
2.0977015
2.097202
2.0988853
2.1022737
2.096368
2.0928912
2.1051147
2.0942595
2.0922112
2.0939395
2.089598
2.0957327
2.0905373
2.096327
2.0932832
2.0827615
2.090133
2.0917666
2.0838711
2.0924387
2.0835087
2.0878363
2.082677
2.0825455
2.0841622
2.0905175
2.089522
2.0822666
2.0864067
2.0883074
2.0856295
2.0845156
2.0794723
2.0851936
2.0852098
2.0832856
2.0800552
2.0813498
2.0802667
2.0822284
2.082653
2.0804944
2.083076
2.0765646
2.0766883
2.0803533
2.0767186
2.0780041
2.0853128
2.0699546
2.0779374
2.0761955
2.0753715
2.0846019
2.0735433
2.0757916
2.0825849
2.0745323
2.0712376
2.0716903
2.075483
2.0710118
2.0776713
2.0733397
2.0709927
2.077279
2.0753024
2.061804
2.0673583
2.083747
2.0757813
2.0722704
2.0636365
2.075167
2.073893
2.072986
2.0666301
2.0672069
2.0709574
2.0741851
2.0687308
2.073656
2.070303
2.066307
2.0696487
2.066436
2.0692701
2.0664794
2.074654
2.069753
2.0657644
2.0686033
2.070541
2.0649753
2.0639522
2.0645015
2.0688698
2.0561628
2.0590036
2.0718145
2.0693765
2.0655742
2.0627196
2.064828
2.0657392
2.0665748
2.0624826
2.073347
2.0636766
2.0638146
2.058495
2.0655363
2.0668511
2.062286
2.0597618
2.0589926
2.0683734
2.0656536
2.0596411
2.0577145
2.0660222
2.064321
2.0622354
2.0554857
2.066993
2.0563822
2.0600753
2.0637937
2.063529
2.063104
2.058186
2.052606
2.0593052
2.0626717
2.0655644
2.0623453
2.0593116
2.0584435
2.0621498
2.0603886
2.0606651
2.05502
2.0656753
2.056747
2.0585935
2.0553493
2.053348
2.059786
2.0577023
2.0583024
2.062272
2.0548382
2.0616684
2.0587976
2.0633361
2.0518088
2.0589
2.060961
