0.5007608
0.18786092
0.13041082
0.10382158
0.09015897
0.075190045
0.06823782
0.06286394
0.058987215
0.055400454
0.051704917
0.050513614
0.048113197
0.046788763
0.04475312
0.043462615
0.041957702
0.041152388
0.039861027
0.039050147
0.037399076
0.037013352
0.035785194
0.034612454
0.033552207
0.032584902
0.032492287
0.03219636
0.032222353
0.032106362
0.03203716
0.031891007
0.03137878
0.031479567
0.031298038
0.031056076
0.031147366
0.030886374
0.030963516
0.030987538
0.030760331
0.030679608
0.030637827
0.030715572
0.030721683
0.030416414
0.03037252
0.030331481
0.030417556
0.03042706
0.03030137
0.030547865
0.030292526
0.030418457
0.030110333
0.030110765
0.030430634
0.030303605
0.03004319
0.03024626
0.03017878
0.030293476
0.030201156
0.029956538
0.030399067
0.030110035
0.030020066
0.030153537
0.030173775
0.030263726
0.030181302
0.030313823
0.03040276
0.03008643
0.030242052
0.03021126
0.029935522
0.029984148
0.029962303
0.03005646
0.030023698
0.029959334
0.030300807
0.030132802
0.030212538
0.030128008
0.02992692
0.030135956
0.03006728
0.029883625
0.030290036
0.030247886
0.029972246
0.030128581
0.029989677
0.03023318
0.03015875
0.030161545
0.03022551
0.029955346
0.0301806
0.030141586
0.03000508
0.030038673
0.030016288
0.030118477
0.030119129
0.030194068
0.030094987
0.02982798
0.02989825
0.030120132
0.030176334
0.0299724
0.030230599
0.03028615
0.030243773
0.02980244
0.029956566
0.030114407
0.03025315
0.03019795
0.0300268
0.030227246
0.030013215
0.030279288
0.03002068
0.029967545
0.030081704
0.03022287
0.030179195
0.030262768
0.030032787
0.030155292
0.030039398
0.03015646
0.029869797
0.030285262
0.029999312
0.0300713
0.030237082
0.03016437
0.030061249
0.030004784
0.030333117
0.029965801
0.030161407
0.030110538
0.030073779
0.02999693
0.029930783
0.03020442
0.030082658
0.030272014
0.030130174
0.030051654
0.030117525
0.030203506
0.030196615
0.029866477
0.030199924
0.03022997
0.0300603
0.030249523
0.030121777
0.030205414
0.030120667
0.030299352
0.030179413
0.029917946
0.030058896
0.030259892
0.030152272
0.03013968
0.030141886
0.030433742
0.029997226
0.03004641
0.02992547
0.03007384
0.02996271
0.030170254
0.030112453
0.030226784
0.030204458
0.030085228
0.030145958
0.029988043
0.030061504
0.030076165
0.030241108
0.030186525
0.030272909
0.029950317
0.03024037
0.02991489
0.030006045
0.030182984
0.030058378
0.030320395
0.029938616
0.030153
0.02998591
0.03028083
0.030072726
0.030064635
0.030168435
