0.2651282
0.17074157
0.25094125
0.321515
0.3841276
0.4133043
0.41176838
0.40857336
0.39085218
0.3762452
0.34615657
0.33897623
0.32101536
0.30757105
0.29199353
0.28072685
0.2653479
0.25683245
0.24258824
0.236432
0.21182752
0.20472014
0.19387175
0.1810336
0.16898955
0.1582372
0.15936226
0.15988885
0.15890205
0.16126865
0.16498576
0.16358118
0.16394049
0.16303675
0.16530508
0.1649969
0.16885656
0.17281659
0.17113896
0.17209475
0.17285873
0.17654853
0.17661402
0.17924511
0.17596914
0.17904729
0.17801975
0.1802638
0.1800548
0.18036038
0.17922278
0.18500459
0.1852483
0.18369761
0.18604133
0.18544511
0.1884695
0.18835978
0.18651521
0.18945736
0.1861376
0.19216488
0.19268055
0.19000468
0.19193743
0.19476125
0.19461523
0.19607429
0.19839281
0.1991086
0.1990709
0.1981481
0.20121403
0.1965766
0.19982228
0.19965994
0.19859427
0.19863307
0.1979295
0.19877283
0.20359385
0.20133963
0.20047824
0.2002968
0.20516387
0.20422958
0.20493703
0.20173214
0.2030228
0.20227371
0.20807865
0.20815672
0.20546132
0.20901078
0.20530576
0.20919701
0.206684
0.20744267
0.21431555
0.21146382
0.20925918
0.20959997
0.21044046
0.21016467
0.21241778
0.21141969
0.21278033
0.21445608
0.21449041
0.20816244
0.21150406
0.21400763
0.21576399
0.21252404
0.21268412
0.21300781
0.21717791
0.21740116
0.2116175
0.21486084
0.2186012
0.21598007
0.21386579
0.21451056
0.21552229
0.22052586
0.21993749
0.21476074
0.2169718
0.2193876
0.21786565
0.22177061
0.21897146
0.21872756
0.22086307
0.223278
0.21632215
0.22038299
0.22184351
0.2206062
0.22186486
0.21790323
0.22254105
0.2227481
0.22456098
0.22255774
0.22608604
0.2260591
0.22171766
0.22542746
0.22588821
0.22618686
0.22474442
0.2255252
0.22488683
0.2263358
0.2257056
0.22829744
0.22771876
0.22608747
0.22687851
0.22850965
0.22623096
0.22634418
0.22604571
0.2242706
0.22841905
0.2281948
0.23384081
0.22975597
0.23043421
0.22938088
0.23370525
0.23225039
0.23154064
0.23298666
0.22789156
0.2315317
0.22550827
0.22894186
0.22923139
0.23291549
0.2300466
0.23136094
0.23707233
0.23136808
0.23305978
0.23257543
0.23570222
0.22772008
0.23664829
0.23558001
0.23564637
0.22947797
0.23467135
0.23679274
0.23152918
0.23353614
0.23688272
0.23397848
0.23400456
0.2369042
0.23219003
0.23476575
0.23533554
0.23453675
0.23634857
